COUNTY,COUSUB,FIPS,NAME,2010_Total_Population,2010_White_Alone_Population,2010_Black_Alone_Population,2010_American_Indian_and_Alaska_Native_alone_population,2010_Asian_Alone_Population,2010_Native_Hawaiian_and_Other_Pacific_Islander_alone_Population,2010_Any_other_single_race_alone_Popualtion,2010_Population_two_or_more_races,2010_Hispanic_or_Latino_Population,2020_Total_Population,2020_White_Alone_Population,2020_Black_Alone_Population,2020_American_Indian_and_Alaska_Native_alone_population,2020_Asian_Alone_Population,2020_Native_Hawaiian_and_Other_Pacific_Islander_alone_Population,2020_Any_other_single_race_alone_Popualtion,2020_Population_two_or_more_races,2020_Hispanic_or_Latino_Population,Change_2010_to_2020_Total_Population,Change_2010_to_2020_White_Alone_Population,Change_2010_to_2020_Black_Alone_Population,Change_2010_to_2020_American_Indian_and_Alaska_Native_alone_population,Change_2010_to_2020_Asian_Alone_Population,Change_2010_to_2020_Native_Hawaiian_and_Other_Pacific_Islander_alone_Population,Change_2010_to_2020_Any_other_single_race_alone_Popualtion,Change_2010_to_2020_Population_two_or_more_races,Change_2010_to_2020_Hispanic_or_Latino_Population,Percent_Change_2010_to_2020_Total_Population,Percent_Change_2010_to_2020_White_Alone_Population,Percent_Change_2010_to_2020_Black_Alone_Population,Percent_Change_2010_to_2020_American_Indian_and_Alaska_Native_alone_population,Percent_Change_2010_to_2020_Asian_Alone_Population,Percent_Change_2010_to_2020_Native_Hawaiian_and_Other_Pacific_Islander_alone_Population,Percent_Change_2010_to_2020_Any_other_single_race_alone_Popualtion,Percent_Change_2010_to_2020_Population_two_or_more_races,Percent_Change_2010_to_2020_Hispanic_or_Latino_Population
Allegheny,724,4200300724,Aleppo township,1916,1856,28,0,15,0,2,15,14,1825,1701,28,0,19,0,19,58,36,-91,-155,0,0,4,0,17,43,22,-4.70%,-8.40%,0.00%,,26.70%,,850.00%,286.70%,157.10%
Allegheny,3320,4200303320,Aspinwall borough,2801,2568,40,1,151,0,4,37,52,2916,2510,58,1,172,0,17,158,93,115,-58,18,0,21,0,13,121,41,4.10%,-2.30%,45.00%,0.00%,13.90%,,325.00%,327.00%,78.80%
Allegheny,3608,4200303608,Avalon borough,4705,4118,408,20,25,0,15,119,57,4762,3822,538,10,58,2,50,282,136,57,-296,130,-10,33,2,35,163,79,1.20%,-7.20%,31.90%,-50.00%,132.00%,,233.30%,137.00%,138.60%
Allegheny,3928,4200303928,Baldwin borough,19767,18110,1056,21,246,4,54,276,214,21510,16812,1105,25,2617,16,163,772,342,1743,-1298,49,4,2371,12,109,496,128,8.80%,-7.20%,4.60%,19.00%,963.80%,300.00%,201.90%,179.70%,59.80%
Allegheny,3932,4200303932,Baldwin township,1992,1923,5,0,33,0,1,30,11,1985,1790,26,0,74,0,12,83,23,-7,-133,21,0,41,0,11,53,12,-0.40%,-6.90%,420.00%,,124.20%,,1100.00%,176.70%,109.10%
Allegheny,5216,4200305216,Bell Acres borough,1388,1307,37,1,18,2,3,20,18,1505,1361,26,0,22,3,18,75,39,117,54,-11,-1,4,1,15,55,21,8.40%,4.10%,-29.70%,-100.00%,22.20%,50.00%,500.00%,275.00%,116.70%
Allegheny,5312,4200305312,Bellevue borough,8370,7266,748,5,90,3,38,220,162,8311,6473,1032,18,132,4,84,568,244,-59,-793,284,13,42,1,46,348,82,-0.70%,-10.90%,38.00%,260.00%,46.70%,33.30%,121.10%,158.20%,50.60%
Allegheny,5504,4200305504,Ben Avon borough,1781,1669,65,2,15,0,4,26,19,1918,1690,72,4,26,3,6,117,51,137,21,7,2,11,3,2,91,32,7.70%,1.30%,10.80%,100.00%,73.30%,,50.00%,350.00%,168.40%
Allegheny,5520,4200305520,Ben Avon Heights borough,371,363,1,0,1,0,0,6,3,400,379,2,0,0,0,1,18,1,29,16,1,0,-1,0,1,12,-2,7.80%,4.40%,100.00%,,-100.00%,,,200.00%,-66.70%
Allegheny,6064,4200306064,Bethel Park municipality,32313,31049,411,19,462,4,82,286,313,33577,30582,488,23,935,9,193,1347,594,1264,-467,77,4,473,5,111,1061,281,3.90%,-1.50%,18.70%,21.10%,102.40%,125.00%,135.40%,371.00%,89.80%
Allegheny,7000,4200307000,Blawnox borough,1432,1330,27,2,57,0,0,16,12,1454,1185,72,0,103,0,16,78,35,22,-145,45,-2,46,0,16,62,23,1.50%,-10.90%,166.70%,-100.00%,80.70%,,,387.50%,191.70%
Allegheny,7976,4200307976,Brackenridge borough,3260,3040,141,3,10,1,12,53,22,3240,2760,227,5,19,1,16,212,63,-20,-280,86,2,9,0,4,159,41,-0.60%,-9.20%,61.00%,66.70%,90.00%,0.00%,33.30%,300.00%,186.40%
Allegheny,7992,4200307992,Braddock borough,2159,495,1570,16,3,4,19,52,40,1721,323,1233,5,7,1,27,125,42,-438,-172,-337,-11,4,-3,8,73,2,-20.30%,-34.70%,-21.50%,-68.80%,133.30%,-75.00%,42.10%,140.40%,5.00%
Allegheny,8008,4200308008,Braddock Hills borough,1880,1295,525,5,6,0,10,39,26,1730,1019,578,3,12,0,24,94,47,-150,-276,53,-2,6,0,14,55,21,-8.00%,-21.30%,10.10%,-40.00%,100.00%,,140.00%,141.00%,80.80%
Allegheny,8064,4200308064,Bradford Woods borough,1171,1140,7,0,11,2,3,8,6,1183,1087,7,5,15,1,12,56,25,12,-53,0,5,4,-1,9,48,19,1.00%,-4.60%,0.00%,,36.40%,-50.00%,300.00%,600.00%,316.70%
Allegheny,8416,4200308416,Brentwood borough,9643,9177,197,17,76,4,43,129,169,10082,8080,573,25,713,3,186,502,343,439,-1097,376,8,637,-1,143,373,174,4.60%,-12.00%,190.90%,47.10%,838.20%,-25.00%,332.60%,289.10%,103.00%
Allegheny,8624,4200308624,Bridgeville borough,5148,4747,214,3,64,0,22,98,58,4804,4254,201,2,60,0,47,240,110,-344,-493,-13,-1,-4,0,25,142,52,-6.70%,-10.40%,-6.10%,-33.30%,-6.30%,,113.60%,144.90%,89.70%
Allegheny,11336,4200311336,Carnegie borough,7972,6988,589,13,129,6,31,216,130,8134,6408,581,23,486,2,109,525,219,162,-580,-8,10,357,-4,78,309,89,2.00%,-8.30%,-1.40%,76.90%,276.70%,-66.70%,251.60%,143.10%,68.50%
Allegheny,11680,4200311680,Castle Shannon borough,8316,7806,169,3,199,0,35,104,94,8249,6969,307,9,533,2,64,365,171,-67,-837,138,6,334,2,29,261,77,-0.80%,-10.70%,81.70%,200.00%,167.80%,,82.90%,251.00%,81.90%
Allegheny,12496,4200312496,Chalfant borough,800,687,65,6,4,0,7,31,3,748,569,107,0,5,0,11,56,22,-52,-118,42,-6,1,0,4,25,19,-6.50%,-17.20%,64.60%,-100.00%,25.00%,,57.10%,80.60%,633.30%
Allegheny,13392,4200313392,Cheswick borough,1746,1725,3,1,7,0,2,8,10,1672,1556,1,0,11,0,8,96,26,-74,-169,-2,-1,4,0,6,88,16,-4.20%,-9.80%,-66.70%,-100.00%,57.10%,,300.00%,1100.00%,160.00%
Allegheny,13608,4200313608,Churchill borough,3011,2465,417,0,80,0,13,36,54,3157,2334,526,0,85,0,28,184,62,146,-131,109,0,5,0,15,148,8,4.80%,-5.30%,26.10%,,6.30%,,115.40%,411.10%,14.80%
Allegheny,13704,4200313704,Clairton city,6796,3973,2557,6,20,0,27,213,108,6181,3021,2581,20,39,0,81,439,172,-615,-952,24,14,19,0,54,226,64,-9.00%,-24.00%,0.90%,233.30%,95.00%,,200.00%,106.10%,59.30%
Allegheny,15216,4200315216,Collier township,7080,6676,90,3,237,6,10,58,69,8935,7990,155,6,382,5,67,330,151,1855,1314,65,3,145,-1,57,272,82,26.20%,19.70%,72.20%,100.00%,61.20%,-16.70%,570.00%,469.00%,118.80%
Allegheny,16144,4200316144,Coraopolis borough,5677,4718,679,10,20,7,46,197,104,5559,4254,644,18,27,1,161,454,343,-118,-464,-35,8,7,-6,115,257,239,-2.10%,-9.80%,-5.20%,80.00%,35.00%,-85.70%,250.00%,130.50%,229.80%
Allegheny,16848,4200316848,Crafton borough,5951,5460,276,4,45,2,14,150,86,6099,5047,527,4,85,2,76,358,174,148,-413,251,0,40,0,62,208,88,2.50%,-7.60%,90.90%,0.00%,88.90%,0.00%,442.90%,138.70%,102.30%
Allegheny,17048,4200317048,Crescent township,2640,2502,57,5,38,0,4,34,36,2488,2198,97,8,37,0,25,123,57,-152,-304,40,3,-1,0,21,89,21,-5.80%,-12.20%,70.20%,60.00%,-2.60%,,525.00%,261.80%,58.30%
Allegheny,19576,4200319576,Dormont borough,8593,8092,181,7,132,0,67,114,214,8244,7255,267,21,179,3,126,393,326,-349,-837,86,14,47,3,59,279,112,-4.10%,-10.30%,47.50%,200.00%,35.60%,,88.10%,244.70%,52.30%
Allegheny,19856,4200319856,Dravosburg borough,1792,1691,53,13,5,0,0,30,19,1612,1384,130,5,5,2,5,81,20,-180,-307,77,-8,0,2,5,51,1,-10.00%,-18.20%,145.30%,-61.50%,0.00%,,,170.00%,5.30%
Allegheny,20432,4200320432,Duquesne city,5565,2204,3077,11,20,0,43,210,126,5254,1761,2973,15,8,1,121,375,177,-311,-443,-104,4,-12,1,78,165,51,-5.60%,-20.10%,-3.40%,36.40%,-60.00%,,181.40%,78.60%,40.50%
Allegheny,21024,4200321024,East Deer township,1500,1434,28,0,9,0,1,28,2,1490,1319,41,3,11,0,9,107,15,-10,-115,13,3,2,0,8,79,13,-0.70%,-8.00%,46.40%,,22.20%,,800.00%,282.10%,650.00%
Allegheny,21444,4200321444,East McKeesport borough,2126,1895,149,1,6,0,19,56,39,2076,1533,385,0,8,0,31,119,49,-50,-362,236,-1,2,0,12,63,10,-2.40%,-19.10%,158.40%,-100.00%,33.30%,,63.20%,112.50%,25.60%
Allegheny,21712,4200321712,East Pittsburgh borough,1822,890,828,1,4,0,12,87,46,1927,612,1127,5,5,0,31,147,76,105,-278,299,4,1,0,19,60,30,5.80%,-31.20%,36.10%,400.00%,25.00%,,158.30%,69.00%,65.20%
Allegheny,22520,4200322520,Edgewood borough,3118,2653,290,10,81,2,17,65,84,3145,2546,307,8,83,0,24,177,107,27,-107,17,-2,2,-2,7,112,23,0.90%,-4.00%,5.90%,-20.00%,2.50%,-100.00%,41.20%,172.30%,27.40%
Allegheny,22576,4200322576,Edgeworth borough,1680,1632,17,0,12,0,2,17,27,1669,1535,13,0,22,0,8,91,56,-11,-97,-4,0,10,0,6,74,29,-0.70%,-5.90%,-23.50%,,83.30%,,300.00%,435.30%,107.40%
Allegheny,22992,4200322992,Elizabeth borough,1493,1374,73,5,3,0,0,38,19,1398,1220,79,0,2,0,6,91,23,-95,-154,6,-5,-1,0,6,53,4,-6.40%,-11.20%,8.20%,-100.00%,-33.30%,,,139.50%,21.10%
Allegheny,23000,4200323000,Elizabeth township,13271,12887,203,12,37,2,19,111,83,12982,12088,290,7,48,0,43,506,157,-289,-799,87,-5,11,-2,24,395,74,-2.20%,-6.20%,42.90%,-41.70%,29.70%,-100.00%,126.30%,355.90%,89.20%
Allegheny,23616,4200323616,Emsworth borough,2449,2248,108,0,41,0,16,36,25,2525,2169,103,8,47,0,40,158,92,76,-79,-5,8,6,0,24,122,67,3.10%,-3.50%,-4.60%,,14.60%,,150.00%,338.90%,268.00%
Allegheny,24160,4200324160,Etna borough,3451,3304,47,3,25,0,23,49,65,3437,3019,144,4,36,3,42,189,115,-14,-285,97,1,11,3,19,140,50,-0.40%,-8.60%,206.40%,33.30%,44.00%,,82.60%,285.70%,76.90%
Allegheny,25400,4200325400,Fawn township,2376,2326,9,2,16,1,2,20,9,2210,2121,7,0,10,1,11,60,18,-166,-205,-2,-2,-6,0,9,40,9,-7.00%,-8.80%,-22.20%,-100.00%,-37.50%,0.00%,450.00%,200.00%,100.00%
Allegheny,25904,4200325904,Findlay township,5060,4862,98,4,37,0,5,54,42,6372,5738,149,1,104,3,71,306,167,1312,876,51,-3,67,3,66,252,125,25.90%,18.00%,52.00%,-75.00%,181.10%,,1320.00%,466.70%,297.60%
Allegheny,26592,4200326592,Forest Hills borough,6518,5715,596,6,77,1,26,97,86,6429,4965,971,6,120,2,48,317,159,-89,-750,375,0,43,1,22,220,73,-1.40%,-13.10%,62.90%,0.00%,55.80%,100.00%,84.60%,226.80%,84.90%
Allegheny,26896,4200326896,Forward township,3376,3291,46,3,5,1,8,22,19,3070,2899,31,1,3,2,26,108,32,-306,-392,-15,-2,-2,1,18,86,13,-9.10%,-11.90%,-32.60%,-66.70%,-40.00%,100.00%,225.00%,390.90%,68.40%
Allegheny,27120,4200327120,Fox Chapel borough,5388,4950,46,6,307,3,12,64,75,5343,4578,64,0,398,0,23,280,151,-45,-372,18,-6,91,-3,11,216,76,-0.80%,-7.50%,39.10%,-100.00%,29.60%,-100.00%,91.70%,337.50%,101.30%
Allegheny,27552,4200327552,Franklin Park borough,13470,11698,163,16,1397,7,32,157,202,15479,11838,187,19,2622,11,115,687,306,2009,140,24,3,1225,4,83,530,104,14.90%,1.20%,14.70%,18.80%,87.70%,57.10%,259.40%,337.60%,51.50%
Allegheny,27608,4200327608,Frazer township,1157,1129,1,0,6,0,3,18,4,1161,1090,2,3,8,0,0,58,16,4,-39,1,3,2,0,-3,40,12,0.30%,-3.50%,100.00%,,33.30%,,-100.00%,222.20%,300.00%
Allegheny,29432,4200329432,Glassport borough,4483,4312,76,10,11,2,5,67,57,4475,3681,408,12,16,2,67,289,128,-8,-631,332,2,5,0,62,222,71,-0.20%,-14.60%,436.80%,20.00%,45.50%,0.00%,1240.00%,331.30%,124.60%
Allegheny,29732,4200329732,Glen Osborne borough,547,523,9,0,10,0,0,5,3,590,525,15,0,3,1,6,40,29,43,2,6,0,-7,1,6,35,26,7.90%,0.40%,66.70%,,-70.00%,,,700.00%,866.70%
Allegheny,29592,4200329592,Glenfield borough,205,194,0,2,5,0,1,3,1,212,195,6,0,3,0,1,7,3,7,1,6,-2,-2,0,0,4,2,3.40%,0.50%,,-100.00%,-40.00%,,0.00%,133.30%,200.00%
Allegheny,31256,4200331256,Green Tree borough,4432,4195,78,3,112,1,7,36,51,4941,4208,147,1,312,0,39,234,117,509,13,69,-2,200,-1,32,198,66,11.50%,0.30%,88.50%,-66.70%,178.60%,-100.00%,457.10%,550.00%,129.40%
Allegheny,32328,4200332328,Hampton township,18363,17630,166,9,385,1,28,144,148,18479,17086,146,15,512,5,98,617,320,116,-544,-20,6,127,4,70,473,172,0.60%,-3.10%,-12.00%,66.70%,33.00%,400.00%,250.00%,328.50%,116.20%
Allegheny,32624,4200332624,Harmar township,2921,2854,18,1,21,1,0,26,32,3133,2901,37,2,55,0,12,126,46,212,47,19,1,34,-1,12,100,14,7.30%,1.60%,105.60%,100.00%,161.90%,-100.00%,,384.60%,43.80%
Allegheny,32832,4200332832,Harrison township,10461,9808,366,14,61,0,17,195,97,10157,9006,428,13,109,1,58,542,148,-304,-802,62,-1,48,1,41,347,51,-2.90%,-8.20%,16.90%,-7.10%,78.70%,,241.20%,177.90%,52.60%
Allegheny,33312,4200333312,Haysville borough,70,66,0,0,1,0,2,1,2,81,75,0,0,0,0,0,6,1,11,9,0,0,-1,0,-2,5,-1,15.70%,13.60%,,,-100.00%,,-100.00%,500.00%,-50.00%
Allegheny,33592,4200333592,Heidelberg borough,1244,1193,29,0,5,0,4,13,19,1288,1143,51,3,16,0,11,64,30,44,-50,22,3,11,0,7,51,11,3.50%,-4.20%,75.90%,,220.00%,,175.00%,392.30%,57.90%
Allegheny,35424,4200335424,Homestead borough,3165,1037,1872,6,96,0,24,130,58,2884,821,1754,5,54,0,63,187,94,-281,-216,-118,-1,-42,0,39,57,36,-8.90%,-20.80%,-6.30%,-16.70%,-43.80%,,162.50%,43.80%,62.10%
Allegheny,36808,4200336808,Indiana township,7253,6641,99,9,405,0,30,69,119,7254,6337,118,8,400,3,38,350,166,1,-304,19,-1,-5,3,8,281,47,0.00%,-4.60%,19.20%,-11.10%,-1.20%,,26.70%,407.20%,39.50%
Allegheny,37000,4200337000,Ingram borough,3330,3053,189,6,24,0,9,49,37,3391,2783,307,10,43,0,24,224,59,61,-270,118,4,19,0,15,175,22,1.80%,-8.80%,62.40%,66.70%,79.20%,,166.70%,357.10%,59.50%
Allegheny,37955,4200337955,Jefferson Hills borough,10619,10184,191,11,143,2,19,69,96,12424,11092,290,9,461,1,62,509,243,1805,908,99,-2,318,-1,43,440,147,17.00%,8.90%,51.80%,-18.20%,222.40%,-50.00%,226.30%,637.70%,153.10%
Allegheny,39312,4200339312,Kennedy township,7672,7435,97,5,62,1,8,64,45,8701,7865,324,2,135,0,50,325,141,1029,430,227,-3,73,-1,42,261,96,13.40%,5.80%,234.00%,-60.00%,117.70%,-100.00%,525.00%,407.80%,213.30%
Allegheny,39624,4200339624,Kilbuck township,697,682,5,0,1,0,0,9,4,773,733,7,0,8,0,1,24,3,76,51,2,0,7,0,1,15,-1,10.90%,7.50%,40.00%,,700.00%,,,166.70%,-25.00%
Allegheny,42368,4200342368,Leet township,1634,1497,57,4,43,0,6,27,34,1624,1409,55,2,35,0,21,102,59,-10,-88,-2,-2,-8,0,15,75,25,-0.60%,-5.90%,-3.50%,-50.00%,-18.60%,,250.00%,277.80%,73.50%
Allegheny,42392,4200342392,Leetsdale borough,1218,1048,93,1,18,0,10,48,28,1162,922,95,2,23,0,15,105,43,-56,-126,2,1,5,0,5,57,15,-4.60%,-12.00%,2.20%,100.00%,27.80%,,50.00%,118.80%,53.60%
Allegheny,43064,4200343064,Liberty borough,2551,2487,36,3,6,0,2,17,11,2355,2183,45,2,5,0,5,115,32,-196,-304,9,-1,-1,0,3,98,21,-7.70%,-12.20%,25.00%,-33.30%,-16.70%,,150.00%,576.50%,190.90%
Allegheny,43408,4200343408,Lincoln borough,1072,1054,7,1,4,0,0,6,2,932,891,4,3,0,1,13,20,5,-140,-163,-3,2,-4,1,13,14,3,-13.10%,-15.50%,-42.90%,200.00%,-100.00%,,,233.30%,150.00%
Allegheny,47696,4200347696,Marshall township,6915,6254,85,8,456,3,22,87,152,10080,7506,147,11,1792,2,87,535,361,3165,1252,62,3,1336,-1,65,448,209,45.80%,20.00%,72.90%,37.50%,293.00%,-33.30%,295.50%,514.90%,137.50%
Allegheny,45900,4200345900,McCandless township,28457,26139,473,25,1436,11,84,289,311,29698,25686,573,26,1962,7,199,1245,639,1241,-453,100,1,526,-4,115,956,328,4.40%,-1.70%,21.10%,4.00%,36.60%,-36.40%,136.90%,330.80%,105.50%
Allegheny,46072,4200346072,McDonald borough,383,368,12,1,0,0,0,2,6,396,370,5,0,0,2,0,19,7,13,2,-7,-1,0,2,0,17,1,3.40%,0.50%,-58.30%,-100.00%,,,,850.00%,16.70%
Allegheny,46264,4200346264,McKees Rocks borough,6104,3896,1879,10,25,0,21,273,101,5920,2878,2454,14,75,2,68,429,129,-184,-1018,575,4,50,2,47,156,28,-3.00%,-26.10%,30.60%,40.00%,200.00%,,223.80%,57.10%,27.70%
Allegheny,46256,4200346256,McKeesport city,19731,12296,6301,60,52,8,114,900,451,17727,9175,6937,52,49,5,252,1257,625,-2004,-3121,636,-8,-3,-3,138,357,174,-10.20%,-25.40%,10.10%,-13.30%,-5.80%,-37.50%,121.10%,39.70%,38.60%
Allegheny,49920,4200349920,Millvale borough,3744,3487,143,10,9,0,18,77,52,3376,2978,122,7,19,0,43,207,115,-368,-509,-21,-3,10,0,25,130,63,-9.80%,-14.60%,-14.70%,-30.00%,111.10%,,138.90%,168.80%,121.20%
Allegheny,50528,4200350528,Monroeville municipality,28386,22570,3325,44,1669,11,119,648,425,28640,20084,4394,41,2136,9,443,1533,788,254,-2486,1069,-3,467,-2,324,885,363,0.90%,-11.00%,32.20%,-6.80%,28.00%,-18.20%,272.30%,136.60%,85.40%
Allegheny,50784,4200350784,Moon township,24185,21712,1086,24,759,6,186,412,488,27240,22290,1408,43,1394,8,399,1698,1114,3055,578,322,19,635,2,213,1286,626,12.60%,2.70%,29.70%,79.20%,83.70%,33.30%,114.50%,312.10%,128.30%
Allegheny,51696,4200351696,Mount Lebanon township,33137,31014,352,13,1221,8,96,433,580,34075,29696,498,29,1564,8,286,1994,1132,938,-1318,146,16,343,0,190,1561,552,2.80%,-4.20%,41.50%,123.10%,28.10%,0.00%,197.90%,360.50%,95.20%
Allegheny,51744,4200351744,Mount Oliver borough,3403,2090,1119,10,39,0,17,128,65,3394,1599,1273,12,136,0,80,294,184,-9,-491,154,2,97,0,63,166,119,-0.30%,-23.50%,13.80%,20.00%,248.70%,,370.60%,129.70%,183.10%
Allegheny,52320,4200352320,Munhall borough,11406,9979,1079,14,109,3,41,181,166,10774,8638,1385,10,114,0,100,527,254,-632,-1341,306,-4,5,-3,59,346,88,-5.50%,-13.40%,28.40%,-28.60%,4.60%,-100.00%,143.90%,191.20%,53.00%
Allegheny,53136,4200353136,Neville township,1084,958,36,3,1,0,50,36,70,1108,895,88,5,8,2,14,96,61,24,-63,52,2,7,2,-36,60,-9,2.20%,-6.60%,144.40%,66.70%,700.00%,,-72.00%,166.70%,-12.90%
Allegheny,54816,4200354816,North Braddock borough,4857,2486,2180,5,11,1,11,163,62,4320,1777,2165,1,16,0,40,321,109,-537,-709,-15,-4,5,-1,29,158,47,-11.10%,-28.50%,-0.70%,-80.00%,45.50%,-100.00%,263.60%,96.90%,75.80%
Allegheny,55016,4200355016,North Fayette township,13934,12941,397,18,347,6,47,178,197,16167,14151,514,17,489,7,188,801,436,2233,1210,117,-1,142,1,141,623,239,16.00%,9.40%,29.50%,-5.60%,40.90%,16.70%,300.00%,350.00%,121.30%
Allegheny,55488,4200355488,North Versailles township,10229,8483,1408,13,76,2,22,225,92,10074,7453,1872,12,63,2,87,585,202,-155,-1030,464,-1,-13,0,65,360,110,-1.50%,-12.10%,33.00%,-7.70%,-17.10%,0.00%,295.50%,160.00%,119.60%
Allegheny,55840,4200355840,Oakdale borough,1459,1411,23,1,5,0,3,16,10,1475,1351,26,2,7,0,1,88,17,16,-60,3,1,2,0,-2,72,7,1.10%,-4.30%,13.00%,100.00%,40.00%,,-66.70%,450.00%,70.00%
Allegheny,56088,4200356088,Oakmont borough,6303,6121,62,9,45,0,17,49,93,6758,6258,125,2,74,0,25,274,144,455,137,63,-7,29,0,8,225,51,7.20%,2.20%,101.60%,-77.80%,64.40%,,47.10%,459.20%,54.80%
Allegheny,56384,4200356384,O'Hara township,8407,7830,53,6,418,0,17,83,125,9284,7837,156,2,693,0,81,515,266,877,7,103,-4,275,0,64,432,141,10.40%,0.10%,194.30%,-66.70%,65.80%,,376.50%,520.50%,112.80%
Allegheny,56392,4200356392,Ohio township,4757,4461,87,0,149,0,11,49,81,7178,6468,142,3,234,4,46,281,133,2421,2007,55,3,85,4,35,232,52,50.90%,45.00%,63.20%,,57.00%,,318.20%,473.50%,64.20%
Allegheny,59032,4200359032,Penn Hills township,42329,25996,14631,89,321,3,232,1057,598,41059,21032,16753,56,316,5,488,2409,1019,-1270,-4964,2122,-33,-5,2,256,1352,421,-3.00%,-19.10%,14.50%,-37.10%,-1.60%,66.70%,110.30%,127.90%,70.40%
Allegheny,59152,4200359152,Pennsbury Village borough,661,641,10,0,4,0,1,5,8,677,631,13,0,10,0,0,23,10,16,-10,3,0,6,0,-1,18,2,2.40%,-1.60%,30.00%,,150.00%,,-100.00%,360.00%,25.00%
Allegheny,60272,4200360272,Pine township,11497,10701,143,13,460,1,48,131,220,14691,12484,222,11,1004,6,143,821,440,3194,1783,79,-2,544,5,95,690,220,27.80%,16.70%,55.20%,-15.40%,118.30%,500.00%,197.90%,526.70%,100.00%
Allegheny,60712,4200360712,Pitcairn borough,3294,2845,330,4,9,0,4,102,65,3101,2038,795,1,15,6,18,228,71,-193,-807,465,-3,6,6,14,126,6,-5.90%,-28.40%,140.90%,-75.00%,66.70%,,350.00%,123.50%,9.20%
Allegheny,61000,4200361000,Pittsburgh city,305704,201766,79710,584,13465,86,2405,7688,6964,302971,189948,69050,729,19836,116,5313,17979,11620,-2733,-11818,-10660,145,6371,30,2908,10291,4656,-0.90%,-5.90%,-13.40%,24.80%,47.30%,34.90%,120.90%,133.90%,66.90%
Allegheny,61328,4200361328,Pleasant Hills borough,8268,7837,226,3,108,2,20,72,86,8504,7520,270,6,357,0,41,310,148,236,-317,44,3,249,-2,21,238,62,2.90%,-4.00%,19.50%,100.00%,230.60%,-100.00%,105.00%,330.60%,72.10%
Allegheny,61536,4200361536,Plum borough,27126,25480,966,22,309,2,66,281,244,27144,24281,1201,22,327,6,180,1127,449,18,-1199,235,0,18,4,114,846,205,0.10%,-4.70%,24.30%,0.00%,5.80%,200.00%,172.70%,301.10%,84.00%
Allegheny,62320,4200362320,Port Vue borough,3798,3677,53,11,8,2,8,39,25,3680,3208,161,12,16,0,40,243,84,-118,-469,108,1,8,-2,32,204,59,-3.10%,-12.80%,203.80%,9.10%,100.00%,-100.00%,400.00%,523.10%,236.00%
Allegheny,63408,4200363408,Rankin borough,2122,383,1643,7,3,0,21,65,22,1896,260,1514,4,7,1,15,95,48,-226,-123,-129,-3,4,1,-6,30,26,-10.70%,-32.10%,-7.90%,-42.90%,133.30%,,-28.60%,46.20%,118.20%
Allegheny,64240,4200364240,Reserve township,3333,3256,37,10,11,0,2,17,14,3255,3035,47,4,19,1,21,128,37,-78,-221,10,-6,8,1,19,111,23,-2.30%,-6.80%,27.00%,-60.00%,72.70%,,950.00%,652.90%,164.30%
Allegheny,64528,4200364528,Richland township,11100,10730,56,14,188,1,10,101,127,11942,10957,83,12,326,0,72,492,191,842,227,27,-2,138,-1,62,391,64,7.60%,2.10%,48.20%,-14.30%,73.40%,-100.00%,620.00%,387.10%,50.40%
Allegheny,65352,4200365352,Robinson township,13354,12205,446,7,485,1,54,156,195,15503,13224,607,18,785,0,167,702,423,2149,1019,161,11,300,-1,113,546,228,16.10%,8.30%,36.10%,157.10%,61.90%,-100.00%,209.30%,350.00%,116.90%
Allegheny,66264,4200366264,Ross township,31105,29250,647,30,765,10,96,307,350,33567,29373,950,37,1507,6,255,1439,646,2462,123,303,7,742,-4,159,1132,296,7.90%,0.40%,46.80%,23.30%,97.00%,-40.00%,165.60%,368.70%,84.60%
Allegheny,66320,4200366320,Rosslyn Farms borough,427,414,4,0,6,0,1,2,10,441,420,0,0,4,0,2,15,3,14,6,-4,0,-2,0,1,13,-7,3.30%,1.40%,-100.00%,,-33.30%,,100.00%,650.00%,-70.00%
Allegheny,68388,4200368388,Scott township,17024,14568,321,20,1827,4,80,204,156,17649,13873,423,25,2505,1,148,674,360,625,-695,102,5,678,-3,68,470,204,3.70%,-4.80%,31.80%,25.00%,37.10%,-75.00%,85.00%,230.40%,130.80%
Allegheny,69376,4200369376,Sewickley borough,3827,3399,281,2,51,2,17,75,70,3907,3328,202,6,71,4,45,251,128,80,-71,-79,4,20,2,28,176,58,2.10%,-2.10%,-28.10%,200.00%,39.20%,100.00%,164.70%,234.70%,82.90%
Allegheny,69400,4200369400,Sewickley Heights borough,810,787,5,3,7,0,3,5,13,857,760,10,0,36,0,12,39,13,47,-27,5,-3,29,0,9,34,0,5.80%,-3.40%,100.00%,-100.00%,414.30%,,300.00%,680.00%,0.00%
Allegheny,69416,4200369416,Sewickley Hills borough,639,610,15,0,9,0,3,2,12,689,625,15,0,21,0,8,20,16,50,15,0,0,12,0,5,18,4,7.80%,2.50%,0.00%,,133.30%,,166.70%,900.00%,33.30%
Allegheny,69584,4200369584,Shaler township,28757,27995,206,18,267,5,34,232,234,28132,26297,298,25,317,0,131,1064,464,-625,-1698,92,7,50,-5,97,832,230,-2.20%,-6.10%,44.70%,38.90%,18.70%,-100.00%,285.30%,358.60%,98.30%
Allegheny,69776,4200369776,Sharpsburg borough,3446,2994,232,7,59,1,26,127,115,3187,2503,373,5,60,0,48,198,115,-259,-491,141,-2,1,-1,22,71,0,-7.50%,-16.40%,60.80%,-28.60%,1.70%,-100.00%,84.60%,55.90%,0.00%
Allegheny,72160,4200372160,South Fayette township,14416,13218,324,8,661,2,37,166,141,18358,14740,376,28,2266,4,126,818,363,3942,1522,52,20,1605,2,89,652,222,27.30%,11.50%,16.00%,250.00%,242.80%,100.00%,240.50%,392.80%,157.40%
Allegheny,72400,4200372400,South Park township,13416,12738,379,7,106,6,26,154,112,13727,12374,425,11,248,5,72,592,201,311,-364,46,4,142,-1,46,438,89,2.30%,-2.90%,12.10%,57.10%,134.00%,-16.70%,176.90%,284.40%,79.50%
Allegheny,72568,4200372568,South Versailles township,351,342,5,0,3,0,0,1,1,310,296,0,0,2,0,2,10,14,-41,-46,-5,0,-1,0,2,9,13,-11.70%,-13.50%,-100.00%,,-33.30%,,,900.00%,1300.00%
Allegheny,72960,4200372960,Springdale borough,3405,3344,19,3,4,0,7,28,19,3400,3126,50,3,2,0,35,184,49,-5,-218,31,0,-2,0,28,156,30,-0.10%,-6.50%,163.20%,0.00%,-50.00%,,400.00%,557.10%,157.90%
Allegheny,72968,4200372968,Springdale township,1636,1629,3,2,1,0,0,1,10,1540,1447,11,3,3,0,6,70,24,-96,-182,8,1,2,0,6,69,14,-5.90%,-11.20%,266.70%,50.00%,200.00%,,,6900.00%,140.00%
Allegheny,74648,4200374648,Stowe township,6362,4957,1116,5,27,2,34,221,86,6426,3827,1962,18,51,0,105,463,219,64,-1130,846,13,24,-2,71,242,133,1.00%,-22.80%,75.80%,260.00%,88.90%,-100.00%,208.80%,109.50%,154.70%
Allegheny,75816,4200375816,Swissvale borough,8983,5308,3148,18,149,0,66,294,200,8624,4739,3026,22,179,10,143,505,328,-359,-569,-122,4,30,10,77,211,128,-4.00%,-10.70%,-3.90%,22.20%,20.10%,,116.70%,71.80%,64.00%
Allegheny,76104,4200376104,Tarentum borough,4530,4165,232,13,23,0,12,85,47,4352,3589,356,6,24,1,40,336,96,-178,-576,124,-7,1,1,28,251,49,-3.90%,-13.80%,53.40%,-53.80%,4.30%,,233.30%,295.30%,104.30%
Allegheny,76560,4200376560,Thornburg borough,455,446,0,0,4,0,0,5,5,466,433,3,1,7,0,0,22,13,11,-13,3,1,3,0,0,17,8,2.40%,-2.90%,,,75.00%,,,340.00%,160.00%
Allegheny,77272,4200377272,Trafford borough,61,61,0,0,0,0,0,0,0,90,78,0,0,1,0,2,9,4,29,17,0,0,1,0,2,9,4,47.50%,27.90%,,,,,,,
Allegheny,77912,4200377912,Turtle Creek borough,5349,4194,927,18,34,0,25,151,71,5114,3078,1546,4,44,2,66,374,101,-235,-1116,619,-14,10,2,41,223,30,-4.40%,-26.60%,66.80%,-77.80%,29.40%,,164.00%,147.70%,42.30%
Allegheny,79274,4200379274,Upper St. Clair township,19229,17717,152,7,1097,2,53,201,254,21160,17682,209,26,1989,3,152,1099,576,1931,-35,57,19,892,1,99,898,322,10.00%,-0.20%,37.50%,271.40%,81.30%,50.00%,186.80%,446.80%,126.80%
Allegheny,80032,4200380032,Verona borough,2474,2224,193,2,4,0,11,40,54,2492,2088,235,1,13,0,26,129,63,18,-136,42,-1,9,0,15,89,9,0.70%,-6.10%,21.80%,-50.00%,225.00%,,136.40%,222.50%,16.70%
Allegheny,80040,4200380040,Versailles borough,1515,1375,94,2,11,0,1,32,15,1476,1172,195,3,4,0,16,86,37,-39,-203,101,1,-7,0,15,54,22,-2.60%,-14.80%,107.40%,50.00%,-63.60%,,1500.00%,168.80%,146.70%
Allegheny,80600,4200380600,Wall borough,580,521,41,0,3,0,0,15,6,519,414,56,0,1,0,3,45,12,-61,-107,15,0,-2,0,3,30,6,-10.50%,-20.50%,36.60%,,-66.70%,,,200.00%,100.00%
Allegheny,82800,4200382800,West Deer township,11771,11570,60,16,52,2,11,60,95,12262,11708,56,10,43,1,58,386,183,491,138,-4,-6,-9,-1,47,326,88,4.20%,1.20%,-6.70%,-37.50%,-17.30%,-50.00%,427.30%,543.30%,92.60%
Allegheny,82848,4200382848,West Elizabeth borough,518,501,15,0,0,0,0,2,0,403,373,6,0,1,0,1,22,8,-115,-128,-9,0,1,0,1,20,8,-22.20%,-25.50%,-60.00%,,,,,1000.00%,
Allegheny,83200,4200383200,West Homestead borough,1929,1620,249,1,8,0,7,44,17,1872,1487,258,0,9,1,23,94,45,-57,-133,9,-1,1,1,16,50,28,-3.00%,-8.20%,3.60%,-100.00%,12.50%,,228.60%,113.60%,164.70%
Allegheny,83512,4200383512,West Mifflin borough,20313,17580,2230,14,78,0,51,360,251,19589,15632,2489,21,185,2,204,1056,453,-724,-1948,259,7,107,2,153,696,202,-3.60%,-11.10%,11.60%,50.00%,137.20%,,300.00%,193.30%,80.50%
Allegheny,84144,4200384144,West View borough,6771,6498,114,2,36,2,14,105,68,6685,5982,189,7,79,3,58,367,177,-86,-516,75,5,43,1,44,262,109,-1.30%,-7.90%,65.80%,250.00%,119.40%,50.00%,314.30%,249.50%,160.30%
Allegheny,84440,4200384440,Whitaker borough,1271,1091,152,0,0,0,9,19,18,1179,874,192,2,6,0,19,86,37,-92,-217,40,2,6,0,10,67,19,-7.20%,-19.90%,26.30%,,,,111.10%,352.60%,105.60%
Allegheny,84704,4200384704,White Oak borough,7862,7367,280,9,71,6,14,115,73,7630,6759,443,10,44,7,63,304,137,-232,-608,163,1,-27,1,49,189,64,-3.00%,-8.30%,58.20%,11.10%,-38.00%,16.70%,350.00%,164.30%,87.70%
Allegheny,84512,4200384512,Whitehall borough,13944,12701,521,11,532,3,24,152,132,15064,11772,688,12,1985,5,88,514,210,1120,-929,167,1,1453,2,64,362,78,8.00%,-7.30%,32.10%,9.10%,273.10%,66.70%,266.70%,238.20%,59.10%
Allegheny,85184,4200385184,Wilkins township,6357,5320,752,16,132,1,25,111,80,6350,4534,1244,8,154,4,72,334,149,-7,-786,492,-8,22,3,47,223,69,-0.10%,-14.80%,65.40%,-50.00%,16.70%,300.00%,188.00%,200.90%,86.30%
Allegheny,85188,4200385188,Wilkinsburg borough,15930,4510,10615,67,163,3,69,503,289,14349,4582,8423,33,244,2,197,868,416,-1581,72,-2192,-34,81,-1,128,365,127,-9.90%,1.60%,-20.70%,-50.70%,49.70%,-33.30%,185.50%,72.60%,43.90%
Allegheny,85496,4200385496,Wilmerding borough,2190,1647,395,12,7,0,20,109,51,1781,948,670,9,10,0,18,126,59,-409,-699,275,-3,3,0,-2,17,8,-18.70%,-42.40%,69.60%,-25.00%,42.90%,,-10.00%,15.60%,15.70%
Armstrong,2720,4200502720,Apollo borough,1647,1554,38,4,9,0,4,38,14,1615,1432,39,0,21,3,5,115,28,-32,-122,1,-4,12,3,1,77,14,-1.90%,-7.90%,2.60%,-100.00%,133.30%,,25.00%,202.60%,100.00%
Armstrong,2752,4200502752,Applewold borough,310,304,1,0,0,0,1,4,3,334,327,2,0,0,0,1,4,1,24,23,1,0,0,0,0,0,-2,7.70%,7.60%,100.00%,,,,0.00%,0.00%,-66.70%
Armstrong,3480,4200503480,Atwood borough,107,107,0,0,0,0,0,0,0,112,109,0,0,0,0,1,2,2,5,2,0,0,0,0,1,2,2,4.70%,1.90%,,,,,,,
Armstrong,5992,4200505992,Bethel township,1183,1164,2,7,2,0,0,8,6,1098,1059,10,1,3,0,1,24,5,-85,-105,8,-6,1,0,1,16,-1,-7.20%,-9.00%,400.00%,-85.70%,50.00%,,,200.00%,-16.70%
Armstrong,7416,4200507416,Boggs township,936,916,13,0,2,0,2,3,3,817,792,0,5,0,0,1,19,8,-119,-124,-13,5,-2,0,-1,16,5,-12.70%,-13.50%,-100.00%,,-100.00%,,-50.00%,533.30%,166.70%
Armstrong,8152,4200508152,Bradys Bend township,773,769,0,0,1,0,1,2,2,784,751,0,0,6,0,5,22,3,11,-18,0,0,5,0,4,20,1,1.40%,-2.30%,,,500.00%,,400.00%,1000.00%,50.00%
Armstrong,10344,4200310344,Burrell township,689,678,8,1,0,0,0,2,3,656,629,2,0,1,0,0,24,3,-33,-49,-6,-1,1,0,0,22,0,-4.80%,-7.20%,-75.00%,-100.00%,,,,1100.00%,0.00%
Armstrong,10680,4200310680,Cadogan township,344,343,0,0,0,0,1,0,1,345,339,0,0,0,0,0,6,1,1,-4,0,0,0,0,-1,6,0,0.30%,-1.20%,,,,,-100.00%,,0.00%
Armstrong,16728,4200316728,Cowanshannock township,2899,2867,6,0,1,0,6,19,11,2741,2665,1,0,1,0,2,72,26,-158,-202,-5,0,0,0,-4,53,15,-5.50%,-7.00%,-83.30%,,0.00%,,-66.70%,278.90%,136.40%
Armstrong,18400,4200318400,Dayton borough,553,540,0,0,2,0,5,6,0,549,538,1,0,2,0,0,8,2,-4,-2,1,0,0,0,-5,2,2,-0.70%,-0.40%,,,0.00%,,-100.00%,33.30%,
Armstrong,21160,4200321160,East Franklin township,4082,4040,7,2,10,0,4,19,32,3816,3690,11,4,5,0,9,97,13,-266,-350,4,2,-5,0,5,78,-19,-6.50%,-8.70%,57.10%,100.00%,-50.00%,,125.00%,410.50%,-59.40%
Armstrong,22832,4200322832,Elderton borough,356,339,0,0,0,0,3,14,6,334,321,0,0,0,0,1,12,0,-22,-18,0,0,0,0,-2,-2,-6,-6.20%,-5.30%,,,,,-66.70%,-14.30%,-100.00%
Armstrong,26512,4200326512,Ford City borough,2991,2858,88,3,2,0,5,35,32,2859,2648,59,7,4,5,18,118,33,-132,-210,-29,4,2,5,13,83,1,-4.40%,-7.30%,-33.00%,133.30%,100.00%,,260.00%,237.10%,3.10%
Armstrong,26520,4200326520,Ford Cliff borough,371,358,3,0,7,0,0,3,2,361,338,3,0,7,0,1,12,3,-10,-20,0,0,0,0,1,9,1,-2.70%,-5.60%,0.00%,,0.00%,,,300.00%,50.00%
Armstrong,27784,4200327784,Freeport borough,1813,1755,10,2,3,4,10,29,20,1736,1638,10,2,1,0,7,78,24,-77,-117,0,0,-2,-4,-3,49,4,-4.20%,-6.70%,0.00%,0.00%,-66.70%,-100.00%,-30.00%,169.00%,20.00%
Armstrong,29184,4200329184,Gilpin township,2496,2430,23,2,19,1,0,21,10,2411,2297,15,0,8,0,10,81,16,-85,-133,-8,-2,-11,-1,10,60,6,-3.40%,-5.50%,-34.80%,-100.00%,-57.90%,-100.00%,,285.70%,60.00%
Armstrong,35936,4200335936,Hovey township,97,93,1,0,0,0,0,3,0,74,71,1,0,0,0,0,2,0,-23,-22,0,0,0,0,0,-1,0,-23.70%,-23.70%,0.00%,,,,,-33.30%,
Armstrong,39968,4200339968,Kiskiminetas township,4800,4741,26,1,4,0,1,27,17,4605,4369,25,3,4,2,10,192,16,-195,-372,-1,2,0,2,9,165,-1,-4.10%,-7.80%,-3.80%,200.00%,0.00%,,900.00%,611.10%,-5.90%
Armstrong,40040,4200340040,Kittanning borough,4044,3924,37,5,17,0,4,57,37,3921,3665,40,6,20,0,15,175,42,-123,-259,3,1,3,0,11,118,5,-3.00%,-6.60%,8.10%,20.00%,17.60%,,275.00%,207.00%,13.50%
Armstrong,40056,4200340056,Kittanning township,2265,2243,6,1,5,1,4,5,7,2035,1950,13,2,9,0,6,55,18,-230,-293,7,1,4,-1,2,50,11,-10.20%,-13.10%,116.70%,100.00%,80.00%,-100.00%,50.00%,1000.00%,157.10%
Armstrong,42280,4200342280,Leechburg borough,2156,2082,29,1,5,0,6,33,23,2149,1983,35,10,9,0,11,101,22,-7,-99,6,9,4,0,5,68,-1,-0.30%,-4.80%,20.70%,900.00%,80.00%,,83.30%,206.10%,-4.30%
Armstrong,46456,4200346456,Madison township,820,810,4,0,0,0,2,4,1,824,801,1,0,0,0,1,21,4,4,-9,-3,0,0,0,-1,17,3,0.50%,-1.10%,-75.00%,,,,-50.00%,425.00%,300.00%
Armstrong,46632,4200346632,Mahoning township,1425,1417,2,1,2,0,0,3,4,1404,1363,4,0,3,0,0,34,6,-21,-54,2,-1,1,0,0,31,2,-1.50%,-3.80%,100.00%,-100.00%,50.00%,,,1033.30%,50.00%
Armstrong,46976,4200346976,Manor township,4227,4169,23,1,4,0,0,30,18,4179,4011,22,2,10,0,5,129,34,-48,-158,-1,1,6,0,5,99,16,-1.10%,-3.80%,-4.30%,100.00%,150.00%,,,330.00%,88.90%
Armstrong,47064,4200347064,Manorville borough,410,405,2,0,2,0,1,0,1,382,361,1,0,1,0,0,19,5,-28,-44,-1,0,-1,0,-1,19,4,-6.80%,-10.90%,-50.00%,,-50.00%,,-100.00%,,400.00%
Armstrong,54728,4200354728,North Apollo borough,1297,1247,21,0,4,0,4,21,10,1252,1184,15,4,2,2,1,44,8,-45,-63,-6,4,-2,2,-3,23,-2,-3.50%,-5.10%,-28.60%,,-50.00%,,-75.00%,109.50%,-20.00%
Armstrong,54856,4200354856,North Buffalo township,3011,2975,8,0,13,0,3,12,7,2699,2589,8,0,4,0,12,86,17,-312,-386,0,0,-9,0,9,74,10,-10.40%,-13.00%,0.00%,,-69.20%,,300.00%,616.70%,142.90%
Armstrong,57976,4200357976,Parker city,840,830,3,0,0,0,0,7,4,695,667,1,0,1,0,5,21,9,-145,-163,-2,0,1,0,5,14,5,-17.30%,-19.60%,-66.70%,,,,,200.00%,125.00%
Armstrong,58160,4200358160,Parks township,2744,2620,89,0,3,0,7,25,13,2472,2302,63,6,3,1,4,93,9,-272,-318,-26,6,0,1,-3,68,-4,-9.90%,-12.10%,-29.20%,,0.00%,,-42.90%,272.00%,-30.80%
Armstrong,59440,4200359440,Perry township,352,342,8,0,0,0,0,2,0,373,361,2,0,0,0,0,10,3,21,19,-6,0,0,0,0,8,3,6.00%,5.60%,-75.00%,,,,,400.00%,
Armstrong,60280,4200360280,Pine township,412,407,2,0,0,0,0,3,0,351,334,2,0,0,0,7,8,5,-61,-73,0,0,0,0,7,5,5,-14.80%,-17.90%,0.00%,,,,,166.70%,
Armstrong,61576,4200361576,Plumcreek township,2375,2359,4,0,4,0,0,8,5,2112,2007,8,0,0,0,11,86,18,-263,-352,4,0,-4,0,11,78,13,-11.10%,-14.90%,100.00%,,-100.00%,,,975.00%,260.00%
Armstrong,63560,4200363560,Rayburn township,1907,1850,29,1,1,1,11,14,16,1775,1662,17,8,8,0,16,64,34,-132,-188,-12,7,7,-1,5,50,18,-6.90%,-10.20%,-41.40%,700.00%,700.00%,-100.00%,45.50%,357.10%,112.50%
Armstrong,63712,4200363712,Redbank township,1064,1053,2,2,0,0,2,5,2,974,949,0,0,1,0,0,24,4,-90,-104,-2,-2,1,0,-2,19,2,-8.50%,-9.90%,-100.00%,-100.00%,,,-100.00%,380.00%,100.00%
Armstrong,66720,4200366720,Rural Valley borough,876,869,2,2,0,0,0,3,4,826,804,1,0,3,0,2,16,8,-50,-65,-1,-2,3,0,2,13,4,-5.70%,-7.50%,-50.00%,-100.00%,,,,433.30%,100.00%
Armstrong,71968,4200371968,South Bend township,1167,1152,1,1,3,1,0,9,1,1006,977,3,0,0,1,0,25,0,-161,-175,2,-1,-3,0,0,16,-1,-13.80%,-15.20%,200.00%,-100.00%,-100.00%,0.00%,,177.80%,-100.00%
Armstrong,71976,4200371976,South Bethlehem borough,481,466,2,0,6,0,0,7,2,489,475,1,0,1,0,2,10,3,8,9,-1,0,-5,0,2,3,1,1.70%,1.90%,-50.00%,,-83.30%,,,42.90%,50.00%
Armstrong,72000,4200372000,South Buffalo township,2636,2615,6,3,2,0,0,10,16,2709,2628,3,0,3,0,8,67,18,73,13,-3,-3,1,0,8,57,2,2.80%,0.50%,-50.00%,-100.00%,50.00%,,,570.00%,12.50%
Armstrong,74992,4200374992,Sugarcreek township,1539,1507,27,1,1,0,0,3,5,1350,1299,14,0,0,0,7,30,14,-189,-208,-13,-1,-1,0,7,27,9,-12.30%,-13.80%,-48.10%,-100.00%,-100.00%,,,900.00%,180.00%
Armstrong,79528,4200379528,Valley township,656,640,7,1,5,0,0,3,1,656,635,3,0,0,0,0,18,0,0,-5,-4,-1,-5,0,0,15,-1,0.00%,-0.80%,-57.10%,-100.00%,-100.00%,,,500.00%,-100.00%
Armstrong,81176,4200381176,Washington township,923,909,2,1,3,0,0,8,1,895,875,0,1,0,0,0,19,2,-28,-34,-2,0,-3,0,0,11,1,-3.00%,-3.70%,-100.00%,0.00%,-100.00%,,,137.50%,100.00%
Armstrong,81720,4200381720,Wayne township,1200,1182,6,2,1,1,1,7,14,1296,1251,1,0,4,0,4,36,2,96,69,-5,-2,3,-1,3,29,-12,8.00%,5.80%,-83.30%,-100.00%,300.00%,-100.00%,300.00%,414.30%,-85.70%
Armstrong,83024,4200383024,West Franklin township,1853,1838,0,0,3,0,2,10,5,1701,1647,1,1,7,0,6,39,6,-152,-191,1,1,4,0,4,29,1,-8.20%,-10.40%,,,133.30%,,200.00%,290.00%,20.00%
Armstrong,83248,4200383248,West Kittanning borough,1175,1165,3,0,3,0,0,4,3,1192,1144,5,3,5,0,4,31,15,17,-21,2,3,2,0,4,27,12,1.40%,-1.80%,66.70%,,66.70%,,,675.00%,400.00%
Armstrong,86560,4200386560,Worthington borough,639,633,2,0,1,0,1,2,4,594,576,2,1,3,0,0,12,0,-45,-57,0,1,2,0,-1,10,-4,-7.00%,-9.00%,0.00%,,200.00%,,-100.00%,500.00%,-100.00%
Beaver,820,4200700820,Aliquippa city,9438,5435,3645,10,42,2,39,265,125,9238,4661,3689,20,40,5,228,595,381,-200,-774,44,10,-2,3,189,330,256,-2.10%,-14.20%,1.20%,100.00%,-4.80%,150.00%,484.60%,124.50%,204.80%
Beaver,2288,4200702288,Ambridge borough,7050,5463,1199,6,29,2,44,307,173,6972,4733,1325,14,67,2,125,706,312,-78,-730,126,8,38,0,81,399,139,-1.10%,-13.40%,10.50%,133.30%,131.00%,0.00%,184.10%,130.00%,80.30%
Beaver,3736,4200703736,Baden borough,4135,4005,63,4,13,0,10,40,38,3904,3613,76,6,18,0,12,179,58,-231,-392,13,2,5,0,2,139,20,-5.60%,-9.80%,20.60%,50.00%,38.50%,,20.00%,347.50%,52.60%
Beaver,4688,4200704688,Beaver borough,4531,4346,62,3,41,0,20,59,76,4438,4059,75,3,61,3,36,201,96,-93,-287,13,0,20,3,16,142,20,-2.10%,-6.60%,21.00%,0.00%,48.80%,,80.00%,240.70%,26.30%
Beaver,4792,4200704792,Beaver Falls city,8987,6768,1736,15,38,2,37,391,105,9005,6023,1899,32,78,5,168,800,215,18,-745,163,17,40,3,131,409,110,0.20%,-11.00%,9.40%,113.30%,105.30%,150.00%,354.10%,104.60%,104.80%
Beaver,6240,4200706240,Big Beaver borough,1970,1919,29,0,3,0,4,15,13,1852,1730,14,0,8,0,4,96,13,-118,-189,-15,0,5,0,0,81,0,-6.00%,-9.80%,-51.70%,,166.70%,,0.00%,540.00%,0.00%
Beaver,8632,4200708632,Bridgewater borough,704,653,37,0,3,0,0,11,7,745,622,42,2,18,0,6,55,17,41,-31,5,2,15,0,6,44,10,5.80%,-4.70%,13.50%,,500.00%,,,400.00%,142.90%
Beaver,8680,4200708680,Brighton township,8227,7985,94,6,54,8,17,63,89,8790,8232,124,11,68,1,34,320,156,563,247,30,5,14,-7,17,257,67,6.80%,3.10%,31.90%,83.30%,25.90%,-87.50%,100.00%,407.90%,75.30%
Beaver,12016,4200712016,Center township,11795,11105,408,5,109,1,39,128,155,11648,10356,443,20,159,4,68,598,247,-147,-749,35,15,50,3,29,470,92,-1.20%,-6.70%,8.60%,300.00%,45.90%,300.00%,74.40%,367.20%,59.40%
Beaver,13488,4200713488,Chippewa township,7620,7396,64,3,58,5,12,82,47,8042,7480,88,2,63,0,44,365,148,422,84,24,-1,5,-5,32,283,101,5.50%,1.10%,37.50%,-33.30%,8.60%,-100.00%,266.70%,345.10%,214.90%
Beaver,15872,4200715872,Conway borough,2176,2105,25,3,6,0,5,32,21,2168,2000,29,2,16,0,10,111,25,-8,-105,4,-1,10,0,5,79,4,-0.40%,-5.00%,16.00%,-33.30%,166.70%,,100.00%,246.90%,19.00%
Beaver,18192,4200718192,Darlington borough,254,251,0,0,3,0,0,0,1,249,231,5,0,0,0,0,13,3,-5,-20,5,0,-3,0,0,13,2,-2.00%,-8.00%,,,-100.00%,,,,200.00%
Beaver,18200,4200718200,Darlington township,1962,1925,2,3,10,3,2,17,7,1818,1743,5,0,3,2,10,55,16,-144,-182,3,-3,-7,-1,8,38,9,-7.30%,-9.50%,150.00%,-100.00%,-70.00%,-33.30%,400.00%,223.50%,128.60%
Beaver,18264,4200718264,Daugherty township,3187,3065,67,3,8,1,2,41,26,3078,2875,52,3,6,3,3,136,35,-109,-190,-15,0,-2,2,1,95,9,-3.40%,-6.20%,-22.40%,0.00%,-25.00%,200.00%,50.00%,231.70%,34.60%
Beaver,21752,4200721752,East Rochester borough,567,536,18,1,0,0,2,10,8,565,476,36,0,1,0,9,43,14,-2,-60,18,-1,1,0,7,33,6,-0.40%,-11.20%,100.00%,-100.00%,,,350.00%,330.00%,75.00%
Beaver,21968,4200721968,Eastvale borough,225,219,4,0,0,0,0,2,1,184,162,6,0,0,0,3,13,1,-41,-57,2,0,0,0,3,11,0,-18.20%,-26.00%,50.00%,,,,,550.00%,0.00%
Beaver,22264,4200722264,Economy borough,8970,8806,58,9,34,1,7,55,68,9098,8549,91,7,25,4,70,352,178,128,-257,33,-2,-9,3,63,297,110,1.40%,-2.90%,56.90%,-22.20%,-26.50%,300.00%,900.00%,540.00%,161.80%
Beaver,23304,4200723304,Ellwood City borough,632,624,4,0,0,0,4,0,11,610,536,6,0,0,0,7,61,16,-22,-88,2,0,0,0,3,61,5,-3.50%,-14.10%,50.00%,,,,75.00%,,45.50%
Beaver,25152,4200725152,Fallston borough,266,252,7,0,0,0,1,6,2,259,238,5,0,0,0,1,15,1,-7,-14,-2,0,0,0,0,9,-1,-2.60%,-5.60%,-28.60%,,,,0.00%,150.00%,-50.00%
Beaver,27312,4200727312,Frankfort Springs borough,130,128,1,0,0,0,0,1,0,116,110,1,1,0,0,1,3,2,-14,-18,0,1,0,0,1,2,2,-10.80%,-14.10%,0.00%,,,,,200.00%,
Beaver,27336,4200727336,Franklin township,4052,3997,9,6,6,4,2,28,33,3882,3735,7,1,12,0,10,117,26,-170,-262,-2,-5,6,-4,8,89,-7,-4.20%,-6.60%,-22.20%,-83.30%,100.00%,-100.00%,400.00%,317.90%,-21.20%
Beaver,27712,4200727712,Freedom borough,1569,1440,65,0,9,0,7,48,25,1496,1297,43,0,8,3,5,140,27,-73,-143,-22,0,-1,3,-2,92,2,-4.70%,-9.90%,-33.80%,,-11.10%,,-28.60%,191.70%,8.00%
Beaver,28824,4200728824,Georgetown borough,174,173,0,0,0,0,0,1,0,208,195,0,0,0,0,4,9,2,34,22,0,0,0,0,4,8,2,19.50%,12.70%,,,,,,800.00%,
Beaver,29392,4200729392,Glasgow borough,60,60,0,0,0,0,0,0,3,71,64,1,0,1,0,0,5,4,11,4,1,0,1,0,0,5,1,18.30%,6.70%,,,,,,,33.30%
Beaver,30920,4200730920,Greene township,2356,2325,9,4,4,3,0,11,19,2187,2066,6,3,0,0,7,105,20,-169,-259,-3,-1,-4,-3,7,94,1,-7.20%,-11.10%,-33.30%,-25.00%,-100.00%,-100.00%,,854.50%,5.30%
Beaver,32392,4200732392,Hanover township,3690,3626,26,4,9,1,5,19,27,3343,3161,24,7,3,1,9,138,35,-347,-465,-2,3,-6,0,4,119,8,-9.40%,-12.80%,-7.70%,75.00%,-66.70%,0.00%,80.00%,626.30%,29.60%
Beaver,32680,4200732680,Harmony township,3197,3052,76,0,23,2,5,39,40,3187,2814,140,5,34,3,24,167,65,-10,-238,64,5,11,1,19,128,25,-0.30%,-7.80%,84.20%,,47.80%,50.00%,380.00%,328.20%,62.50%
Beaver,35488,4200735488,Homewood borough,109,107,1,0,0,0,0,1,0,104,91,1,0,2,0,2,8,5,-5,-16,0,0,2,0,2,7,5,-4.60%,-15.00%,0.00%,,,,,700.00%,
Beaver,35576,4200735576,Hookstown borough,147,141,1,0,0,0,2,3,2,129,116,0,0,0,0,1,12,4,-18,-25,-1,0,0,0,-1,9,2,-12.20%,-17.70%,-100.00%,,,,-50.00%,300.00%,100.00%
Beaver,35640,4200735640,Hopewell township,12593,11918,466,11,45,0,18,135,145,13495,12083,512,5,127,0,114,654,325,902,165,46,-6,82,0,96,519,180,7.20%,1.40%,9.90%,-54.50%,182.20%,,533.30%,384.40%,124.10%
Beaver,36776,4200736776,Independence township,2503,2459,11,11,5,0,4,13,13,2248,2095,1,3,5,1,7,136,22,-255,-364,-10,-8,0,1,3,123,9,-10.20%,-14.80%,-90.90%,-72.70%,0.00%,,75.00%,946.20%,69.20%
Beaver,36944,4200736944,Industry borough,1835,1774,27,1,9,1,4,19,25,1838,1683,28,3,6,1,3,114,40,3,-91,1,2,-3,0,-1,95,15,0.20%,-5.10%,3.70%,200.00%,-33.30%,0.00%,-25.00%,500.00%,60.00%
Beaver,40400,4200740400,Koppel borough,762,732,16,0,2,0,2,10,13,712,658,9,1,1,0,9,34,9,-50,-74,-7,1,-1,0,7,24,-4,-6.60%,-10.10%,-43.80%,,-50.00%,,350.00%,240.00%,-30.80%
Beaver,47432,4200747432,Marion township,913,907,1,0,1,0,1,3,9,798,753,6,0,3,0,0,36,11,-115,-154,5,0,2,0,-1,33,2,-12.60%,-17.00%,500.00%,,200.00%,,-100.00%,1100.00%,22.20%
Beaver,49184,4200749184,Midland borough,2635,1960,534,7,7,0,19,108,114,2433,1793,396,4,20,0,41,179,119,-202,-167,-138,-3,13,0,22,71,5,-7.70%,-8.50%,-25.80%,-42.90%,185.70%,,115.80%,65.70%,4.40%
Beaver,50320,4200750320,Monaca borough,5737,5472,118,5,24,0,10,108,69,5625,5006,199,7,36,0,33,344,127,-112,-466,81,2,12,0,23,236,58,-2.00%,-8.50%,68.60%,40.00%,50.00%,,230.00%,218.50%,84.10%
Beaver,53288,4200753288,New Brighton borough,6025,5058,644,17,9,1,8,288,91,5729,4451,643,27,12,5,53,538,139,-296,-607,-1,10,3,4,45,250,48,-4.90%,-12.00%,-0.20%,58.80%,33.30%,400.00%,562.50%,86.80%,52.70%
Beaver,53592,4200753592,New Galilee borough,379,363,9,0,0,0,3,4,8,330,303,2,0,0,0,2,23,5,-49,-60,-7,0,0,0,-1,19,-3,-12.90%,-16.50%,-77.80%,,,,-33.30%,475.00%,-37.50%
Beaver,54072,4200754072,New Sewickley township,7360,7236,24,3,37,2,3,55,33,7183,6836,25,2,19,2,16,283,81,-177,-400,1,-1,-18,0,13,228,48,-2.40%,-5.50%,4.20%,-33.30%,-48.60%,0.00%,433.30%,414.50%,145.50%
Beaver,55400,4200755400,North Sewickley township,5488,5373,38,7,13,0,11,46,48,5495,5221,44,3,13,1,29,184,77,7,-152,6,-4,0,1,18,138,29,0.10%,-2.80%,15.80%,-57.10%,0.00%,,163.60%,300.00%,60.40%
Beaver,56432,4200756432,Ohioville borough,3533,3444,40,9,6,0,3,31,34,3349,3110,37,5,9,5,14,169,66,-184,-334,-3,-4,3,5,11,138,32,-5.20%,-9.70%,-7.50%,-44.40%,50.00%,,366.70%,445.20%,94.10%
Beaver,58384,4200758384,Patterson Heights borough,636,616,5,0,1,0,4,10,16,639,583,18,5,5,0,5,23,22,3,-33,13,5,4,0,1,13,6,0.50%,-5.40%,260.00%,,400.00%,,25.00%,130.00%,37.50%
Beaver,58375,4200758375,Patterson township,3029,2904,63,2,16,0,10,34,48,3129,2817,59,2,29,0,20,202,66,100,-87,-4,0,13,0,10,168,18,3.30%,-3.00%,-6.30%,0.00%,81.30%,,100.00%,494.10%,37.50%
Beaver,62352,4200762352,Potter township,548,541,3,0,1,0,0,3,4,520,489,0,1,1,2,0,27,8,-28,-52,-3,1,0,2,0,24,4,-5.10%,-9.60%,-100.00%,,0.00%,,,800.00%,100.00%
Beaver,62888,4200762888,Pulaski township,1500,1385,63,0,1,0,5,46,23,1300,1129,44,0,0,1,17,109,32,-200,-256,-19,0,-1,1,12,63,9,-13.30%,-18.50%,-30.20%,,-100.00%,,240.00%,137.00%,39.10%
Beaver,63224,4200763224,Raccoon township,3064,3007,18,5,7,0,13,14,34,2793,2644,18,9,11,0,7,104,31,-271,-363,0,4,4,0,-6,90,-3,-8.80%,-12.10%,0.00%,80.00%,57.10%,,-46.20%,642.90%,-8.80%
Beaver,65392,4200765392,Rochester borough,3657,2864,588,7,3,1,5,189,64,3472,2540,565,9,9,1,48,300,90,-185,-324,-23,2,6,0,43,111,26,-5.10%,-11.30%,-3.90%,28.60%,200.00%,0.00%,860.00%,58.70%,40.60%
Beaver,65400,4200765400,Rochester township,2802,2666,85,2,4,0,0,45,20,2711,2403,124,7,8,0,16,153,45,-91,-263,39,5,4,0,16,108,25,-3.20%,-9.90%,45.90%,250.00%,100.00%,,,240.00%,125.00%
Beaver,70376,4200770376,Shippingport borough,214,202,3,0,0,0,0,9,0,160,152,2,0,0,0,0,6,0,-54,-50,-1,0,0,0,0,-3,0,-25.20%,-24.80%,-33.30%,,,,,-33.30%,
Beaver,71952,4200771952,South Beaver township,2717,2660,24,6,5,0,3,19,15,2680,2522,22,5,5,1,11,114,37,-37,-138,-2,-1,0,1,8,95,22,-1.40%,-5.20%,-8.30%,-16.70%,0.00%,,266.70%,500.00%,146.70%
Beaver,72216,4200772216,South Heights borough,475,461,9,0,0,0,0,5,6,384,363,3,0,1,0,0,17,0,-91,-98,-6,0,1,0,0,12,-6,-19.20%,-21.30%,-66.70%,,,,,240.00%,-100.00%
Beaver,79856,4200779856,Vanport township,1321,1277,21,1,6,0,0,16,10,1295,1212,21,1,10,2,4,45,22,-26,-65,0,0,4,2,4,29,12,-2.00%,-5.10%,0.00%,0.00%,66.70%,,,181.30%,120.00%
Beaver,83472,4200783472,West Mayfield borough,1239,1167,33,0,9,0,5,25,17,1195,1092,32,4,4,1,9,53,28,-44,-75,-1,4,-5,1,4,28,11,-3.60%,-6.40%,-3.00%,,-55.60%,,80.00%,112.00%,64.70%
Beaver,84444,4200784444,White township,1394,1208,123,2,11,0,6,44,17,1316,1048,125,1,3,0,45,94,87,-78,-160,2,-1,-8,0,39,50,70,-5.60%,-13.20%,1.60%,-50.00%,-72.70%,,650.00%,113.60%,411.80%
Butler,300,4201900300,Adams township,11652,11116,118,4,273,1,36,104,161,14844,13657,123,3,339,4,121,597,328,3192,2541,5,-1,66,3,85,493,167,27.40%,22.90%,4.20%,-25.00%,24.20%,300.00%,236.10%,474.00%,103.70%
Butler,860,4201900860,Allegheny township,641,557,74,0,4,0,0,6,11,620,558,38,1,2,0,3,18,3,-21,1,-36,1,-2,0,3,12,-8,-3.30%,0.20%,-48.60%,,-50.00%,,,200.00%,-72.70%
Butler,8096,4201908096,Brady township,1310,1283,5,8,6,0,1,7,11,1214,1123,0,3,9,1,6,72,20,-96,-160,-5,-5,3,1,5,65,9,-7.30%,-12.50%,-100.00%,-62.50%,50.00%,,500.00%,928.60%,81.80%
Butler,9528,4201909528,Bruin borough,524,516,0,4,2,0,0,2,10,423,409,0,0,0,0,0,14,5,-101,-107,0,-4,-2,0,0,12,-5,-19.30%,-20.70%,,-100.00%,-100.00%,,,600.00%,-50.00%
Butler,10000,4201910000,Buffalo township,7307,7157,31,6,53,2,10,48,58,7900,7495,26,11,72,0,24,272,82,593,338,-5,5,19,-2,14,224,24,8.10%,4.70%,-16.10%,83.30%,35.80%,-100.00%,140.00%,466.70%,41.40%
Butler,10464,4201910464,Butler city,13757,12874,372,34,66,5,101,305,331,13502,11787,470,56,78,11,166,934,459,-255,-1087,98,22,12,6,65,629,128,-1.90%,-8.40%,26.30%,64.70%,18.20%,120.00%,64.40%,206.20%,38.70%
Butler,10472,4201910472,Butler township,17248,16792,145,13,85,3,50,160,174,17230,16181,132,11,103,6,112,685,295,-18,-611,-13,-2,18,3,62,525,121,-0.10%,-3.60%,-9.00%,-15.40%,21.20%,100.00%,124.00%,328.10%,69.50%
Butler,10800,4201910800,Callery borough,394,380,0,0,2,0,1,11,2,364,346,1,0,3,0,1,13,3,-30,-34,1,0,1,0,0,2,1,-7.60%,-8.90%,,,50.00%,,0.00%,18.20%,50.00%
Butler,12024,4201912024,Center township,7898,7697,36,9,78,0,12,66,64,7899,7453,43,11,74,1,55,262,126,1,-244,7,2,-4,1,43,196,62,0.00%,-3.20%,19.40%,22.20%,-5.10%,,358.30%,297.00%,96.90%
Butler,12992,4201912992,Cherry township,1106,1077,3,2,4,0,3,17,7,1054,999,7,1,1,0,2,44,5,-52,-78,4,-1,-3,0,-1,27,-2,-4.70%,-7.20%,133.30%,-50.00%,-75.00%,,-33.30%,158.80%,-28.60%
Butler,13152,4201913152,Cherry Valley borough,66,65,1,0,0,0,0,0,0,60,53,1,0,0,0,1,5,0,-6,-12,0,0,0,0,1,5,0,-9.10%,-18.50%,0.00%,,,,,,
Butler,13440,4201913440,Chicora borough,1043,1032,2,0,3,0,1,5,4,916,875,0,2,1,0,3,35,6,-127,-157,-2,2,-2,0,2,30,2,-12.20%,-15.20%,-100.00%,,-66.70%,,200.00%,600.00%,50.00%
Butler,13936,4201913936,Clay township,2703,2674,0,10,5,0,4,10,19,2551,2431,5,6,3,0,10,96,29,-152,-243,5,-4,-2,0,6,86,10,-5.60%,-9.10%,,-40.00%,-40.00%,,150.00%,860.00%,52.60%
Butler,14048,4201914048,Clearfield township,2645,2621,7,4,2,0,1,10,7,2427,2338,1,1,2,0,7,78,20,-218,-283,-6,-3,0,0,6,68,13,-8.20%,-10.80%,-85.70%,-75.00%,0.00%,,600.00%,680.00%,185.70%
Butler,14320,4201914320,Clinton township,2864,2825,6,6,6,0,7,14,13,2907,2813,8,0,9,0,5,72,23,43,-12,2,-6,3,0,-2,58,10,1.50%,-0.40%,33.30%,-100.00%,50.00%,,-28.60%,414.30%,76.90%
Butler,15480,4201915480,Concord township,1505,1468,7,0,8,0,0,22,4,1409,1334,2,1,1,0,5,66,11,-96,-134,-5,1,-7,0,5,44,7,-6.40%,-9.10%,-71.40%,,-87.50%,,,200.00%,175.00%
Butler,15808,4201915808,Connoquenessing borough,528,521,0,1,3,0,0,3,0,668,631,0,0,5,0,0,32,5,140,110,0,-1,2,0,0,29,5,26.50%,21.10%,,-100.00%,66.70%,,,966.70%,
Butler,15816,4201915816,Connoquenessing township,4170,4104,2,6,34,0,3,21,17,4263,4069,3,5,17,1,19,149,41,93,-35,1,-1,-17,1,16,128,24,2.20%,-0.90%,50.00%,-16.70%,-50.00%,,533.30%,609.50%,141.20%
Butler,16920,4201916920,Cranberry township,28098,26535,351,26,777,6,107,296,446,33096,28980,640,58,1427,13,420,1558,992,4998,2445,289,32,650,7,313,1262,546,17.80%,9.20%,82.30%,123.10%,83.70%,116.70%,292.50%,426.40%,122.40%
Butler,19456,4201919456,Donegal township,1864,1843,9,1,2,1,0,8,7,1823,1765,1,0,2,0,3,52,8,-41,-78,-8,-1,0,-1,3,44,1,-2.20%,-4.20%,-88.90%,-100.00%,0.00%,-100.00%,,550.00%,14.30%
Butler,20904,4201920904,East Butler borough,732,710,3,0,0,2,5,12,7,764,731,3,0,0,0,5,25,11,32,21,0,0,0,-2,0,13,4,4.40%,3.00%,0.00%,,,-100.00%,0.00%,108.30%,57.10%
Butler,22128,4201922128,Eau Claire borough,316,314,1,0,0,0,0,1,0,307,297,0,0,2,0,2,6,1,-9,-17,-1,0,2,0,2,5,1,-2.80%,-5.40%,-100.00%,,,,,500.00%,
Butler,24248,4201924248,Evans City borough,1833,1803,8,0,10,1,1,10,15,1737,1640,4,0,7,0,19,67,40,-96,-163,-4,0,-3,-1,18,57,25,-5.20%,-9.00%,-50.00%,,-30.00%,-100.00%,1800.00%,570.00%,166.70%
Butler,24832,4201924832,Fairview borough,198,190,5,0,0,0,0,3,0,180,170,2,1,0,0,3,4,2,-18,-20,-3,1,0,0,3,1,2,-9.10%,-10.50%,-60.00%,,,,,33.30%,
Butler,24840,4201924840,Fairview township,2080,2067,3,0,1,0,3,6,6,1940,1880,3,2,3,0,5,47,14,-140,-187,0,2,2,0,2,41,8,-6.70%,-9.00%,0.00%,,200.00%,,66.70%,683.30%,133.30%
Butler,26904,4201926904,Forward township,2531,2492,2,5,9,1,0,22,11,3164,2974,6,9,23,0,30,122,58,633,482,4,4,14,-1,30,100,47,25.00%,19.30%,200.00%,80.00%,155.60%,-100.00%,,454.50%,427.30%
Butler,27352,4201927352,Franklin township,2620,2576,7,1,8,6,2,20,19,2598,2466,11,0,4,0,7,110,26,-22,-110,4,-1,-4,-6,5,90,7,-0.80%,-4.30%,57.10%,-100.00%,-50.00%,-100.00%,250.00%,450.00%,36.80%
Butler,32688,4201932688,Harmony borough,890,871,1,0,4,0,6,8,13,942,886,11,0,4,0,3,38,11,52,15,10,0,0,0,-3,30,-2,5.80%,1.70%,1000.00%,,0.00%,,-50.00%,375.00%,-15.40%
Butler,32896,4201932896,Harrisville borough,897,869,11,1,0,0,5,11,9,819,777,4,0,2,1,2,33,9,-78,-92,-7,-1,2,1,-3,22,0,-8.70%,-10.60%,-63.60%,-100.00%,,,-60.00%,200.00%,0.00%
Butler,37344,4201937344,Jackson township,3657,3578,17,2,13,2,21,24,35,4883,4502,35,1,58,0,28,259,96,1226,924,18,-1,45,-2,7,235,61,33.50%,25.80%,105.90%,-50.00%,346.20%,-100.00%,33.30%,979.20%,174.30%
Butler,37848,4201937848,Jefferson township,5504,5432,28,3,11,0,7,23,33,5212,5049,23,9,10,0,11,110,51,-292,-383,-5,6,-1,0,4,87,18,-5.30%,-7.10%,-17.90%,200.00%,-9.10%,,57.10%,378.30%,54.50%
Butler,38768,4201938768,Karns City borough,209,209,0,0,0,0,0,0,0,175,170,0,0,0,0,0,5,4,-34,-39,0,0,0,0,0,5,4,-16.30%,-18.70%,,,,,,,
Butler,41208,4201941208,Lancaster township,2532,2495,8,0,10,0,0,19,17,2745,2636,10,2,5,0,15,77,29,213,141,2,2,-5,0,15,58,12,8.40%,5.70%,25.00%,,-50.00%,,,305.30%,70.60%
Butler,47448,4201947448,Marion township,1239,1230,2,3,0,0,0,4,1,1167,1130,0,1,1,0,0,35,2,-72,-100,-2,-2,1,0,0,31,1,-5.80%,-8.10%,-100.00%,-66.70%,,,,775.00%,100.00%
Butler,47672,4201947672,Mars borough,1699,1653,12,0,14,0,3,17,24,1458,1380,19,3,5,0,13,38,45,-241,-273,7,3,-9,0,10,21,21,-14.20%,-16.50%,58.30%,,-64.30%,,333.30%,123.50%,87.50%
Butler,48688,4201948688,Mercer township,1100,1088,4,0,3,0,0,5,1,993,963,5,0,3,0,0,22,5,-107,-125,1,0,0,0,0,17,4,-9.70%,-11.50%,25.00%,,0.00%,,,340.00%,400.00%
Butler,49056,4201949056,Middlesex township,5390,5313,15,6,25,0,6,25,41,6820,6456,26,7,64,0,28,239,114,1430,1143,11,1,39,0,22,214,73,26.50%,21.50%,73.30%,16.70%,156.00%,,366.70%,856.00%,178.00%
Butler,52176,4201952176,Muddy Creek township,2254,2206,6,7,9,1,2,23,17,2207,2080,5,3,16,0,2,101,24,-47,-126,-1,-4,7,-1,0,78,7,-2.10%,-5.70%,-16.70%,-57.10%,77.80%,-100.00%,0.00%,339.10%,41.20%
Butler,55992,4201955992,Oakland township,2987,2960,4,5,6,1,0,11,5,2769,2666,8,4,5,0,8,78,13,-218,-294,4,-1,-1,-1,8,67,8,-7.30%,-9.90%,100.00%,-20.00%,-16.70%,-100.00%,,609.10%,160.00%
Butler,57984,4201957984,Parker township,632,625,2,2,0,3,0,0,1,573,558,1,0,2,0,0,12,7,-59,-67,-1,-2,2,-3,0,12,6,-9.30%,-10.70%,-50.00%,-100.00%,,-100.00%,,,600.00%
Butler,58792,4201958792,Penn township,5071,4997,12,3,23,3,8,25,40,4990,4783,14,2,16,1,19,155,76,-81,-214,2,-1,-7,-2,11,130,36,-1.60%,-4.30%,16.70%,-33.30%,-30.40%,-66.70%,137.50%,520.00%,90.00%
Butler,59672,4201959672,Petrolia borough,212,212,0,0,0,0,0,0,1,179,168,0,1,0,0,0,10,2,-33,-44,0,1,0,0,0,10,1,-15.60%,-20.80%,,,,,,,100.00%
Butler,62224,4201962224,Portersville borough,235,233,0,0,0,0,0,2,2,231,214,4,2,0,0,2,9,0,-4,-19,4,2,0,0,2,7,-2,-1.70%,-8.20%,,,,,,350.00%,-100.00%
Butler,62752,4201962752,Prospect borough,1169,1148,4,1,5,0,4,7,8,1123,1074,2,2,6,0,1,38,19,-46,-74,-2,1,1,0,-3,31,11,-3.90%,-6.40%,-50.00%,100.00%,20.00%,,-75.00%,442.90%,137.50%
Butler,68056,4201968056,Saxonburg borough,1525,1513,0,0,3,0,1,8,10,1426,1393,5,0,3,0,1,24,13,-99,-120,5,0,0,0,0,16,3,-6.50%,-7.90%,,,0.00%,,0.00%,200.00%,30.00%
Butler,69309,4201969309,Seven Fields borough,2887,2684,64,0,84,0,7,48,48,2919,2607,62,0,72,0,18,160,83,32,-77,-2,0,-12,0,11,112,35,1.10%,-2.90%,-3.10%,,-14.30%,,157.10%,233.30%,72.90%
Butler,71184,4201971184,Slippery Rock borough,3625,3261,201,5,80,0,9,69,41,3081,2547,126,1,177,0,59,171,87,-544,-714,-75,-4,97,0,50,102,46,-15.00%,-21.90%,-37.30%,-80.00%,121.30%,,555.60%,147.80%,112.20%
Butler,71192,4201971192,Slippery Rock township,5614,5300,179,7,53,3,13,59,65,6806,6142,176,7,124,0,80,277,146,1192,842,-3,0,71,-3,67,218,81,21.20%,15.90%,-1.70%,0.00%,134.00%,-100.00%,515.40%,369.50%,124.60%
Butler,75184,4201975184,Summit township,4884,4626,200,1,9,0,10,38,64,4504,4201,115,0,11,0,21,156,63,-380,-425,-85,-1,2,0,11,118,-1,-7.80%,-9.20%,-42.50%,-100.00%,22.20%,,110.00%,310.50%,-1.60%
Butler,79504,4201979504,Valencia borough,551,548,1,0,1,0,0,1,2,537,516,0,0,3,0,9,9,8,-14,-32,-1,0,2,0,9,8,6,-2.50%,-5.80%,-100.00%,,200.00%,,,800.00%,300.00%
Butler,79904,4201979904,Venango township,868,857,0,2,2,0,1,6,1,866,827,10,1,1,0,1,26,3,-2,-30,10,-1,-1,0,0,20,2,-0.20%,-3.50%,,-50.00%,-50.00%,,0.00%,333.30%,200.00%
Butler,81192,4201981192,Washington township,1300,1290,0,0,3,5,1,1,4,1288,1230,1,1,4,0,2,50,10,-12,-60,1,1,1,-5,1,49,6,-0.90%,-4.70%,,,33.30%,-100.00%,100.00%,4900.00%,150.00%
Butler,83376,4201983376,West Liberty borough,343,328,0,0,3,0,0,12,0,335,329,1,0,0,0,1,4,1,-8,1,1,0,-3,0,1,-8,1,-2.30%,0.30%,,,-100.00%,,,-66.70%,
Butler,84064,4201984064,West Sunbury borough,192,185,4,0,1,0,0,2,1,182,175,1,0,0,0,0,6,1,-10,-10,-3,0,-1,0,0,4,0,-5.20%,-5.40%,-75.00%,,-100.00%,,,200.00%,0.00%
Butler,85784,4201985784,Winfield township,3535,3497,9,3,7,1,5,13,14,3361,3196,14,1,5,0,22,123,32,-174,-301,5,-2,-2,-1,17,110,18,-4.90%,-8.60%,55.60%,-66.70%,-28.60%,-100.00%,340.00%,846.20%,128.60%
Butler,86536,4201986536,Worth township,1416,1392,5,0,5,0,3,11,13,1400,1322,12,2,7,1,5,51,18,-16,-70,7,2,2,1,2,40,5,-1.10%,-5.00%,140.00%,,40.00%,,66.70%,363.60%,38.50%
Butler,87272,4201987272,Zelienople borough,3812,3716,34,3,23,3,2,31,26,3912,3708,23,2,23,1,18,137,80,100,-8,-11,-1,0,-2,16,106,54,2.60%,-0.20%,-32.40%,-33.30%,0.00%,-66.70%,800.00%,341.90%,207.70%
Fayette,5288,4205105288,Belle Vernon borough,1093,1032,38,2,6,0,3,12,18,1024,916,30,2,7,0,10,59,27,-69,-116,-8,0,1,0,7,47,9,-6.30%,-11.20%,-21.10%,0.00%,16.70%,,233.30%,391.70%,50.00%
Fayette,9432,4205109432,Brownsville borough,2331,1898,315,3,3,0,0,112,13,2185,1646,301,1,4,9,21,203,32,-146,-252,-14,-2,1,9,21,91,19,-6.30%,-13.30%,-4.40%,-66.70%,33.30%,,,81.30%,146.20%
Fayette,9434,4205109434,Brownsville township,683,628,40,3,0,0,0,12,6,534,476,33,1,0,0,2,22,10,-149,-152,-7,-2,0,0,2,10,4,-21.80%,-24.20%,-17.50%,-66.70%,,,,83.30%,66.70%
Fayette,10152,4205110152,Bullskin township,6966,6897,13,4,13,0,3,36,15,6740,6466,21,2,4,1,15,231,53,-226,-431,8,-2,-9,1,12,195,38,-3.20%,-6.20%,61.50%,-50.00%,-69.20%,,400.00%,541.70%,253.30%
Fayette,15776,4205115776,Connellsville city,7637,7117,343,6,29,10,20,112,55,7031,6301,345,12,28,2,25,318,108,-606,-816,2,6,-1,-8,5,206,53,-7.90%,-11.50%,0.60%,100.00%,-3.40%,-80.00%,25.00%,183.90%,96.40%
Fayette,15784,4205115784,Connellsville township,2391,2354,20,2,0,0,0,15,14,2076,1973,18,6,3,1,1,74,15,-315,-381,-2,4,3,1,1,59,1,-13.20%,-16.20%,-10.00%,200.00%,,,,393.30%,7.10%
Fayette,18360,4205118360,Dawson borough,367,353,4,1,0,0,0,9,0,352,324,5,9,0,0,1,13,6,-15,-29,1,8,0,0,1,4,6,-4.10%,-8.20%,25.00%,800.00%,,,,44.40%,
Fayette,20216,4205120216,Dunbar borough,1042,1023,6,1,3,0,0,9,9,1013,956,7,0,3,0,0,47,9,-29,-67,1,-1,0,0,0,38,0,-2.80%,-6.50%,16.70%,-100.00%,0.00%,,,422.20%,0.00%
Fayette,20224,4205120224,Dunbar township,7126,6949,98,16,12,0,9,42,52,6672,6362,77,8,15,0,4,206,36,-454,-587,-21,-8,3,0,-5,164,-16,-6.40%,-8.40%,-21.40%,-50.00%,25.00%,,-55.60%,390.50%,-30.80%
Fayette,24336,4205124336,Everson borough,793,757,17,0,4,0,6,9,12,771,704,25,0,4,0,4,34,1,-22,-53,8,0,0,0,-2,25,-11,-2.80%,-7.00%,47.10%,,0.00%,,-33.30%,277.80%,-91.70%
Fayette,24536,4205124536,Fairchance borough,1975,1894,54,3,0,0,0,24,11,1890,1730,63,2,2,8,4,81,14,-85,-164,9,-1,2,8,4,57,3,-4.30%,-8.70%,16.70%,-33.30%,,,,237.50%,27.30%
Fayette,25456,4205125456,Fayette City borough,596,582,1,0,6,0,4,3,9,502,477,5,0,1,0,1,18,6,-94,-105,4,0,-5,0,-3,15,-3,-15.80%,-18.00%,400.00%,,-83.30%,,-75.00%,500.00%,-33.30%
Fayette,27400,4205127400,Franklin township,2528,2477,23,2,3,0,2,21,6,2378,2278,9,7,1,2,13,68,21,-150,-199,-14,5,-2,2,11,47,15,-5.90%,-8.00%,-60.90%,250.00%,-66.70%,,550.00%,223.80%,250.00%
Fayette,28792,4205128792,Georges township,6612,6490,51,7,7,0,11,46,38,6346,5983,54,11,6,10,11,271,39,-266,-507,3,4,-1,10,0,225,1,-4.00%,-7.80%,5.90%,57.10%,-14.30%,,0.00%,489.10%,2.60%
Fayette,28856,4205128856,German township,5097,4730,301,7,4,0,0,55,14,4669,4203,215,5,8,0,27,211,29,-428,-527,-86,-2,4,0,27,156,15,-8.40%,-11.10%,-28.60%,-28.60%,100.00%,,,283.60%,107.10%
Fayette,33896,4205133896,Henry Clay township,2066,2016,4,8,10,0,4,24,27,1761,1678,11,8,5,0,6,53,18,-305,-338,7,0,-5,0,2,29,-9,-14.80%,-16.80%,175.00%,0.00%,-50.00%,,50.00%,120.80%,-33.30%
Fayette,37872,4205137872,Jefferson township,2015,1974,21,2,6,0,1,11,10,2004,1939,24,4,4,2,2,29,15,-11,-35,3,2,-2,2,1,18,5,-0.50%,-1.80%,14.30%,100.00%,-33.30%,,100.00%,163.60%,50.00%
Fayette,45144,4205145144,Lower Tyrone township,1123,1110,9,0,0,0,1,3,5,1073,1007,14,0,0,0,2,50,7,-50,-103,5,0,0,0,1,47,2,-4.50%,-9.30%,55.60%,,,,100.00%,1566.70%,40.00%
Fayette,45560,4205145560,Luzerne township,5965,4456,1237,5,13,1,216,37,230,5586,4123,1155,8,6,1,130,163,153,-379,-333,-82,3,-7,0,-86,126,-77,-6.40%,-7.50%,-6.60%,60.00%,-53.80%,0.00%,-39.80%,340.50%,-33.50%
Fayette,47560,4205147560,Markleysburg borough,284,275,7,0,0,0,1,1,1,246,231,2,4,0,0,0,9,1,-38,-44,-5,4,0,0,-1,8,0,-13.40%,-16.00%,-71.40%,,,,-100.00%,800.00%,0.00%
Fayette,48000,4205148000,Masontown borough,3450,3157,185,7,13,0,13,75,30,3276,2864,159,13,14,3,15,208,24,-174,-293,-26,6,1,3,2,133,-6,-5.00%,-9.30%,-14.10%,85.70%,7.70%,,15.40%,177.30%,-20.00%
Fayette,48616,4205148616,Menallen township,4205,3997,133,1,3,1,2,68,9,4098,3776,84,6,2,0,13,217,61,-107,-221,-49,5,-1,-1,11,149,52,-2.50%,-5.50%,-36.80%,500.00%,-33.30%,-100.00%,550.00%,219.10%,577.80%
Fayette,53504,4205153504,Newell borough,541,529,2,0,0,0,5,5,7,513,501,1,0,0,0,1,10,11,-28,-28,-1,0,0,0,-4,5,4,-5.20%,-5.30%,-50.00%,,,,-80.00%,100.00%,57.10%
Fayette,54392,4205154392,Nicholson township,1805,1765,8,3,2,2,0,25,8,1732,1646,4,3,5,0,3,71,11,-73,-119,-4,0,3,-2,3,46,3,-4.00%,-6.70%,-50.00%,0.00%,150.00%,-100.00%,,184.00%,37.50%
Fayette,55464,4205155464,North Union township,12728,12102,360,15,44,1,14,192,100,11828,10775,394,12,37,5,47,558,162,-900,-1327,34,-3,-7,4,33,366,62,-7.10%,-11.00%,9.40%,-20.00%,-15.90%,400.00%,235.70%,190.60%,62.00%
Fayette,56408,4205156408,Ohiopyle borough,59,59,0,0,0,0,0,0,0,37,33,0,1,1,0,0,2,1,-22,-26,0,1,1,0,0,2,1,-37.30%,-44.10%,,,,,,,
Fayette,59464,4205159464,Perry township,2552,2481,38,2,4,0,0,27,5,2338,2201,33,7,11,0,6,80,35,-214,-280,-5,5,7,0,6,53,30,-8.40%,-11.30%,-13.20%,250.00%,175.00%,,,196.30%,600.00%
Fayette,59520,4205159520,Perryopolis borough,1784,1747,6,1,8,1,2,19,3,1705,1623,2,2,15,0,4,59,12,-79,-124,-4,1,7,-1,2,40,9,-4.40%,-7.10%,-66.70%,100.00%,87.50%,-100.00%,100.00%,210.50%,300.00%
Fayette,61864,4205161864,Point Marion borough,1159,1137,7,1,1,0,2,11,12,1156,1057,14,0,0,0,2,83,20,-3,-80,7,-1,-1,0,0,72,8,-0.30%,-7.00%,100.00%,-100.00%,-100.00%,,0.00%,654.50%,66.70%
Fayette,63904,4205163904,Redstone township,5566,4845,552,14,9,0,15,131,24,5079,4408,301,12,7,4,32,315,53,-487,-437,-251,-2,-2,4,17,184,29,-8.70%,-9.00%,-45.50%,-14.30%,-22.20%,,113.30%,140.50%,120.80%
Fayette,67640,4205167640,Saltlick township,3461,3434,1,1,4,1,3,17,12,3037,2944,0,1,1,0,13,78,12,-424,-490,-1,0,-3,-1,10,61,0,-12.30%,-14.30%,-100.00%,0.00%,-75.00%,-100.00%,333.30%,358.80%,0.00%
Fayette,69336,4205169336,Seven Springs borough,15,15,0,0,0,0,0,0,0,12,11,0,0,1,0,0,0,0,-3,-4,0,0,1,0,0,0,0,-20.00%,-26.70%,,,,,,,
Fayette,71320,4205171320,Smithfield borough,875,862,5,1,2,0,1,4,4,831,798,0,0,1,0,1,31,3,-44,-64,-5,-1,-1,0,0,27,-1,-5.00%,-7.40%,-100.00%,-100.00%,-50.00%,,0.00%,675.00%,-25.00%
Fayette,72080,4205172080,South Connellsville borough,1970,1918,24,2,3,0,1,22,16,1917,1786,18,3,2,1,20,87,23,-53,-132,-6,1,-1,1,19,65,7,-2.70%,-6.90%,-25.00%,50.00%,-33.30%,,1900.00%,295.50%,43.80%
Fayette,72544,4205172544,South Union township,10681,9979,407,13,124,0,17,141,65,10890,9830,395,15,96,43,60,451,108,209,-149,-12,2,-28,43,43,310,43,2.00%,-1.50%,-2.90%,15.40%,-22.60%,,252.90%,219.90%,66.20%
Fayette,73064,4205173064,Springfield township,3043,2990,16,0,4,0,5,28,12,2732,2623,5,2,0,0,12,90,17,-311,-367,-11,2,-4,0,7,62,5,-10.20%,-12.30%,-68.80%,,-100.00%,,140.00%,221.40%,41.70%
Fayette,73240,4205173240,Springhill township,2907,2853,18,8,4,0,0,24,18,2722,2555,15,3,3,1,9,136,31,-185,-298,-3,-5,-1,1,9,112,13,-6.40%,-10.40%,-16.70%,-62.50%,-25.00%,,,466.70%,72.20%
Fayette,74080,4205174080,Stewart township,731,717,0,1,0,0,4,9,7,623,600,1,0,3,0,0,19,3,-108,-117,1,-1,3,0,-4,10,-4,-14.80%,-16.30%,,-100.00%,,,-100.00%,111.10%,-57.10%
Fayette,78528,4205178528,Uniontown city,10372,8032,1874,29,48,1,33,355,143,9984,7136,1855,28,64,67,125,709,252,-388,-896,-19,-1,16,66,92,354,109,-3.70%,-11.20%,-1.00%,-3.40%,33.30%,6600.00%,278.80%,99.70%,76.20%
Fayette,79344,4205179344,Upper Tyrone township,2059,2022,17,3,1,0,1,15,4,1773,1682,8,2,1,1,7,72,6,-286,-340,-9,-1,0,1,6,57,2,-13.90%,-16.80%,-52.90%,-33.30%,0.00%,,600.00%,380.00%,50.00%
Fayette,79768,4205179768,Vanderbilt borough,476,456,9,0,0,0,1,10,1,419,388,5,0,0,0,2,24,6,-57,-68,-4,0,0,0,1,14,5,-12.00%,-14.90%,-44.40%,,,,100.00%,140.00%,500.00%
Fayette,81232,4205181232,Washington township,3902,3773,56,6,8,5,4,50,13,3894,3641,57,1,5,0,24,166,53,-8,-132,1,-5,-3,-5,20,116,40,-0.20%,-3.50%,1.80%,-83.30%,-37.50%,-100.00%,500.00%,232.00%,307.70%
Fayette,84344,4205184344,Wharton township,3575,3536,5,4,4,1,7,18,11,3355,3160,24,12,13,0,41,105,74,-220,-376,19,8,9,-1,34,87,63,-6.20%,-10.60%,380.00%,200.00%,225.00%,-100.00%,485.70%,483.30%,572.70%
Washington,988,4212500988,Allenport borough,537,532,3,0,0,0,0,2,1,484,458,3,0,0,0,0,23,3,-53,-74,0,0,0,0,0,21,2,-9.90%,-13.90%,0.00%,,,,,1050.00%,200.00%
Washington,2384,4212502384,Amwell township,3751,3675,20,9,8,0,6,33,23,3679,3507,17,2,14,0,4,135,26,-72,-168,-3,-7,6,0,-2,102,3,-1.90%,-4.60%,-15.00%,-77.80%,75.00%,,-33.30%,309.10%,13.00%
Washington,4568,4212504568,Beallsville borough,466,457,2,1,3,0,0,3,3,393,373,0,0,3,0,0,17,3,-73,-84,-2,-1,0,0,0,14,0,-15.70%,-18.40%,-100.00%,-100.00%,0.00%,,,466.70%,0.00%
Washington,5672,4212505672,Bentleyville borough,2581,2461,69,0,6,0,2,43,19,2352,2194,32,7,11,0,12,96,22,-229,-267,-37,7,5,0,10,53,3,-8.90%,-10.80%,-53.60%,,83.30%,,500.00%,123.30%,15.80%
Washington,6840,4212506840,Blaine township,690,678,1,0,4,0,0,7,1,617,591,4,0,0,0,2,20,7,-73,-87,3,0,-4,0,2,13,6,-10.60%,-12.80%,300.00%,,-100.00%,,,185.70%,600.00%
Washington,10032,4212510032,Buffalo township,2069,2038,8,5,2,0,4,12,16,1991,1867,7,3,9,0,8,97,35,-78,-171,-1,-2,7,0,4,85,19,-3.80%,-8.40%,-12.50%,-40.00%,350.00%,,100.00%,708.30%,118.80%
Washington,10224,4212510224,Burgettstown borough,1388,1332,23,2,5,0,1,25,19,1425,1292,21,0,7,0,15,90,43,37,-40,-2,-2,2,0,14,65,24,2.70%,-3.00%,-8.70%,-100.00%,40.00%,,1400.00%,260.00%,126.30%
Washington,10768,4212510768,California borough,6795,6181,450,14,35,0,23,92,100,5362,4581,362,19,75,10,44,271,167,-1433,-1600,-88,5,40,10,21,179,67,-21.10%,-25.90%,-19.60%,35.70%,114.30%,,91.30%,194.60%,67.00%
Washington,11152,4212511152,Canonsburg borough,8992,7857,686,13,94,1,60,281,162,9744,8205,626,17,111,0,122,663,286,752,348,-60,4,17,-1,62,382,124,8.40%,4.40%,-8.70%,30.80%,18.10%,-100.00%,103.30%,135.90%,76.50%
Washington,11176,4212511176,Canton township,8375,7970,254,7,10,0,23,111,88,8209,7390,216,18,19,0,67,499,119,-166,-580,-38,11,9,0,44,388,31,-2.00%,-7.30%,-15.00%,157.10%,90.00%,,191.30%,349.50%,35.20%
Washington,11424,4212511424,Carroll township,5640,5509,64,2,14,0,8,43,69,5380,5056,77,0,18,0,31,198,129,-260,-453,13,-2,4,0,23,155,60,-4.60%,-8.20%,20.30%,-100.00%,28.60%,,287.50%,360.50%,87.00%
Washington,11800,4212511800,Cecil township,11271,10848,197,13,84,2,30,97,82,14609,13301,242,6,320,1,85,654,234,3338,2453,45,-7,236,-1,55,557,152,29.60%,22.60%,22.80%,-53.80%,281.00%,-50.00%,183.30%,574.20%,185.40%
Washington,12224,4212512224,Centerville borough,3263,3149,38,5,8,1,0,62,36,3256,3037,52,4,8,0,11,144,46,-7,-112,14,-1,0,-1,11,82,10,-0.20%,-3.60%,36.80%,-20.00%,0.00%,-100.00%,,132.30%,27.80%
Washington,12704,4212512704,Charleroi borough,4120,3707,233,6,41,0,16,117,78,4234,3306,450,6,52,1,64,355,139,114,-401,217,0,11,1,48,238,61,2.80%,-10.80%,93.10%,0.00%,26.80%,,300.00%,203.40%,78.20%
Washington,12848,4212512848,Chartiers township,7818,7431,221,11,19,1,41,94,102,8632,7809,251,19,41,6,104,402,208,814,378,30,8,22,5,63,308,106,10.40%,5.10%,13.60%,72.70%,115.80%,500.00%,153.70%,327.70%,103.90%
Washington,14000,4212514000,Claysville borough,829,805,4,3,3,0,0,14,5,733,698,3,1,1,1,0,29,5,-96,-107,-1,-2,-2,1,0,15,0,-11.60%,-13.30%,-25.00%,-66.70%,-66.70%,,,107.10%,0.00%
Washington,14568,4212514568,Coal Center borough,139,129,4,0,1,0,0,5,0,110,83,13,0,0,0,0,14,2,-29,-46,9,0,-1,0,0,9,2,-20.90%,-35.70%,225.00%,,-100.00%,,,180.00%,
Washington,14896,4212514896,Cokeburg borough,630,611,6,0,3,0,1,9,2,629,589,3,0,2,0,7,28,6,-1,-22,-3,0,-1,0,6,19,4,-0.20%,-3.60%,-50.00%,,-33.30%,,600.00%,211.10%,200.00%
Washington,17314,4212517314,Cross Creek township,1556,1528,3,1,0,0,0,24,13,1371,1296,10,0,1,0,6,58,16,-185,-232,7,-1,1,0,6,34,3,-11.90%,-15.20%,233.30%,-100.00%,,,,141.70%,23.10%
Washington,18496,4212518496,Deemston borough,722,710,2,3,2,0,1,4,6,754,700,3,2,0,1,7,41,4,32,-10,1,-1,-2,1,6,37,-2,4.40%,-1.40%,50.00%,-33.30%,-100.00%,,600.00%,925.00%,-33.30%
Washington,19464,4212519464,Donegal township,2465,2435,7,1,3,0,2,17,13,2395,2302,4,2,3,0,5,79,20,-70,-133,-3,1,0,0,3,62,7,-2.80%,-5.50%,-42.90%,100.00%,0.00%,,150.00%,364.70%,53.80%
Washington,19536,4212519536,Donora borough,4781,3811,721,5,19,2,43,180,150,4569,3460,636,7,10,0,60,396,103,-212,-351,-85,2,-9,-2,17,216,-47,-4.40%,-9.20%,-11.80%,40.00%,-47.40%,-100.00%,39.50%,120.00%,-31.30%
Washington,20328,4212520328,Dunlevy borough,381,372,5,0,0,0,0,4,0,371,342,10,0,0,0,2,17,6,-10,-30,5,0,0,0,2,13,6,-2.60%,-8.10%,100.00%,,,,,325.00%,
Washington,20808,4212520808,East Bethlehem township,2354,2238,55,7,0,0,1,53,13,2311,2121,49,8,0,0,13,120,18,-43,-117,-6,1,0,0,12,67,5,-1.80%,-5.20%,-10.90%,14.30%,,,1200.00%,126.40%,38.50%
Washington,21144,4212521144,East Finley township,1392,1372,2,0,0,0,0,18,13,1288,1246,4,6,0,0,1,31,5,-104,-126,2,6,0,0,1,13,-8,-7.50%,-9.20%,100.00%,,,,,72.20%,-61.50%
Washington,22016,4212522016,East Washington borough,2234,2018,118,2,23,0,21,52,45,1853,1523,139,0,23,0,28,140,83,-381,-495,21,-2,0,0,7,88,38,-17.10%,-24.50%,17.80%,-100.00%,0.00%,,33.30%,169.20%,84.40%
Washington,22800,4212522800,Elco borough,323,317,2,0,1,0,0,3,0,267,248,1,0,0,1,0,17,3,-56,-69,-1,0,-1,1,0,14,3,-17.30%,-21.80%,-50.00%,,-100.00%,,,466.70%,
Washington,23296,4212523296,Ellsworth borough,1027,985,25,1,0,0,0,16,8,945,842,38,3,0,2,11,49,6,-82,-143,13,2,0,2,11,33,-2,-8.00%,-14.50%,52.00%,200.00%,,,,206.30%,-25.00%
Washington,25104,4212525104,Fallowfield township,4321,4195,69,0,5,0,4,48,33,4099,3863,66,2,7,0,8,153,49,-222,-332,-3,2,2,0,4,105,16,-5.10%,-7.90%,-4.30%,,40.00%,,100.00%,218.80%,48.50%
Washington,25944,4212525944,Finleyville borough,461,430,19,0,3,0,4,5,9,376,334,17,0,4,1,3,17,4,-85,-96,-2,0,1,1,-1,12,-5,-18.40%,-22.30%,-10.50%,,33.30%,,-25.00%,240.00%,-55.60%
Washington,31082,4212531082,Green Hills borough,29,29,0,0,0,0,0,0,0,20,18,0,0,0,0,0,2,1,-9,-11,0,0,0,0,0,2,1,-31.00%,-37.90%,,,,,,,
Washington,32440,4212532440,Hanover township,2673,2623,6,1,10,2,2,29,11,2416,2299,8,4,7,0,8,90,32,-257,-324,2,3,-3,-2,6,61,21,-9.60%,-12.40%,33.30%,300.00%,-30.00%,-100.00%,300.00%,210.30%,190.90%
Washington,35696,4212535696,Hopewell township,957,918,10,6,0,0,0,23,14,852,801,3,0,4,0,5,39,17,-105,-117,-7,-6,4,0,5,16,3,-11.00%,-12.70%,-70.00%,-100.00%,,,,69.60%,21.40%
Washington,35896,4212535896,Houston borough,1296,1189,44,3,5,0,8,47,15,1172,1025,48,1,12,1,11,74,29,-124,-164,4,-2,7,1,3,27,14,-9.60%,-13.80%,9.10%,-66.70%,140.00%,,37.50%,57.40%,93.30%
Washington,36800,4212536800,Independence township,1557,1520,17,2,1,1,1,15,18,1515,1435,8,0,0,0,1,71,25,-42,-85,-9,-2,-1,-1,0,56,7,-2.70%,-5.60%,-52.90%,-100.00%,-100.00%,-100.00%,0.00%,373.30%,38.90%
Washington,37936,4212537936,Jefferson township,1162,1149,2,0,2,0,2,7,14,1119,1052,1,3,1,0,6,56,30,-43,-97,-1,3,-1,0,4,49,16,-3.70%,-8.40%,-50.00%,,-50.00%,,200.00%,700.00%,114.30%
Washington,44512,4212544512,Long Branch borough,447,442,3,2,0,0,0,0,0,421,406,2,0,0,0,0,13,6,-26,-36,-1,-2,0,0,0,13,6,-5.80%,-8.10%,-33.30%,-100.00%,,,,,
Washington,47400,4212547400,Marianna borough,494,454,18,5,0,0,0,17,2,399,337,18,0,1,0,3,40,13,-95,-117,0,-5,1,0,3,23,11,-19.20%,-25.80%,0.00%,-100.00%,,,,135.30%,550.00%
Washington,46072,4212546072,McDonald borough,1766,1672,55,3,10,5,1,20,17,1664,1487,67,3,12,0,10,85,23,-102,-185,12,0,2,-5,9,65,6,-5.80%,-11.10%,21.80%,0.00%,20.00%,-100.00%,900.00%,325.00%,35.30%
Washington,49240,4212549240,Midway borough,913,899,6,1,1,1,3,2,5,924,876,3,0,0,0,7,38,15,11,-23,-3,-1,-1,-1,4,36,10,1.20%,-2.60%,-50.00%,-100.00%,-100.00%,-100.00%,133.30%,1800.00%,200.00%
Washington,50408,4212550408,Monongahela city,4300,4068,112,12,21,0,15,72,49,4159,3672,134,13,12,1,24,303,116,-141,-396,22,1,-9,1,9,231,67,-3.30%,-9.70%,19.60%,8.30%,-42.90%,,60.00%,320.80%,136.70%
Washington,51104,4212551104,Morris township,1105,1072,14,8,1,0,3,7,19,909,865,2,0,4,0,6,32,5,-196,-207,-12,-8,3,0,3,25,-14,-17.70%,-19.30%,-85.70%,-100.00%,300.00%,,100.00%,357.10%,-73.70%
Washington,51864,4212551864,Mount Pleasant township,3515,3411,69,0,6,0,11,18,21,3290,3134,27,2,10,1,6,110,35,-225,-277,-42,2,4,1,-5,92,14,-6.40%,-8.10%,-60.90%,,66.70%,,-45.50%,511.10%,66.70%
Washington,53496,4212553496,New Eagle borough,2184,2125,18,2,14,0,7,18,11,2049,1934,12,3,2,0,13,85,24,-135,-191,-6,1,-12,0,6,67,13,-6.20%,-9.00%,-33.30%,50.00%,-85.70%,,85.70%,372.20%,118.20%
Washington,54800,4212554800,North Bethlehem township,1631,1606,3,1,3,0,2,16,9,1553,1467,12,0,0,0,5,69,3,-78,-139,9,-1,-3,0,3,53,-6,-4.80%,-8.70%,300.00%,-100.00%,-100.00%,,150.00%,331.30%,-66.70%
Washington,54888,4212554888,North Charleroi borough,1313,1265,24,1,3,0,1,19,16,1303,1118,59,5,6,2,19,94,39,-10,-147,35,4,3,2,18,75,23,-0.80%,-11.60%,145.80%,400.00%,100.00%,,1800.00%,394.70%,143.80%
Washington,55040,4212555040,North Franklin township,4583,4412,97,3,12,0,3,56,39,4825,4381,106,12,32,8,47,239,72,242,-31,9,9,20,8,44,183,33,5.30%,-0.70%,9.30%,300.00%,166.70%,,1466.70%,326.80%,84.60%
Washington,55432,4212555432,North Strabane township,13408,12866,217,8,157,2,46,112,146,15700,14320,330,16,289,0,112,633,288,2292,1454,113,8,132,-2,66,521,142,17.10%,11.30%,52.10%,100.00%,84.10%,-100.00%,143.50%,465.20%,97.30%
Washington,55712,4212555712,Nottingham township,3036,2990,13,2,9,0,6,16,29,2941,2789,14,12,8,1,5,112,44,-95,-201,1,10,-1,1,-1,96,15,-3.10%,-6.70%,7.70%,500.00%,-11.10%,,-16.70%,600.00%,51.70%
Washington,59608,4212559608,Peters township,21213,20413,110,17,417,0,73,183,316,22946,21162,144,19,533,3,107,978,483,1733,749,34,2,116,3,34,795,167,8.20%,3.70%,30.90%,11.80%,27.80%,,46.60%,434.40%,52.80%
Washington,65376,4212565376,Robinson township,1931,1877,23,1,5,1,1,23,6,1707,1603,24,0,10,0,6,64,23,-224,-274,1,-1,5,-1,5,41,17,-11.60%,-14.60%,4.30%,-100.00%,100.00%,-100.00%,500.00%,178.30%,283.30%
Washington,66016,4212566016,Roscoe borough,812,784,8,2,0,0,3,15,5,720,670,7,0,0,0,2,41,16,-92,-114,-1,-2,0,0,-1,26,11,-11.30%,-14.50%,-12.50%,-100.00%,,,-33.30%,173.30%,220.00%
Washington,71288,4212571288,Smith township,4476,4332,51,1,13,0,0,79,52,4233,3919,39,5,8,0,1,261,81,-243,-413,-12,4,-5,0,1,182,29,-5.40%,-9.50%,-23.50%,400.00%,-38.50%,,,230.40%,55.80%
Washington,71792,4212571792,Somerset township,2684,2653,17,0,2,0,3,9,15,2581,2452,13,6,6,0,6,98,23,-103,-201,-4,6,4,0,3,89,8,-3.80%,-7.60%,-23.50%,,200.00%,,100.00%,988.90%,53.30%
Washington,72176,4212572176,South Franklin township,3310,3245,16,1,8,0,3,37,23,2868,2722,8,9,4,0,12,113,41,-442,-523,-8,8,-4,0,9,76,18,-13.40%,-16.10%,-50.00%,800.00%,-50.00%,,300.00%,205.40%,78.30%
Washington,72504,4212572504,South Strabane township,9346,8947,165,6,96,2,19,111,78,9613,8811,223,12,128,8,56,375,162,267,-136,58,6,32,6,37,264,84,2.90%,-1.50%,35.20%,100.00%,33.30%,300.00%,194.70%,237.80%,107.70%
Washington,72736,4212572736,Speers borough,1154,1106,22,2,7,1,2,14,6,1088,1017,20,0,3,0,1,47,6,-66,-89,-2,-2,-4,-1,-1,33,0,-5.70%,-8.00%,-9.10%,-100.00%,-57.10%,-100.00%,-50.00%,235.70%,0.00%
Washington,74224,4212574224,Stockdale borough,502,492,0,0,0,0,0,10,4,421,405,0,0,0,0,0,16,0,-81,-87,0,0,0,0,0,6,-4,-16.10%,-17.70%,,,,,,60.00%,-100.00%
Washington,78008,4212578008,Twilight borough,233,230,3,0,0,0,0,0,0,216,202,3,0,0,0,3,8,2,-17,-28,0,0,0,0,3,8,2,-7.30%,-12.20%,0.00%,,,,,,
Washington,78432,4212578432,Union township,5700,5588,42,9,19,1,9,32,41,5374,5103,35,6,20,1,34,175,58,-326,-485,-7,-3,1,0,25,143,17,-5.70%,-8.70%,-16.70%,-33.30%,5.30%,0.00%,277.80%,446.90%,41.50%
Washington,81328,4212581328,Washington city,13663,10622,2172,25,98,8,107,631,249,13176,9533,2140,34,156,12,232,1069,464,-487,-1089,-32,9,58,4,125,438,215,-3.60%,-10.30%,-1.50%,36.00%,59.20%,50.00%,116.80%,69.40%,86.30%
Washington,82512,4212582512,West Bethlehem township,1460,1433,6,3,3,0,1,14,3,1291,1241,10,2,1,0,3,34,8,-169,-192,4,-1,-2,0,2,20,5,-11.60%,-13.40%,66.70%,-33.30%,-66.70%,,200.00%,142.90%,166.70%
Washington,82616,4212582616,West Brownsville borough,992,954,14,7,2,0,4,11,12,977,914,10,1,4,0,11,37,14,-15,-40,-4,-6,2,0,7,26,2,-1.50%,-4.20%,-28.60%,-85.70%,100.00%,,175.00%,236.40%,16.70%
Washington,83000,4212583000,West Finley township,878,867,1,0,4,0,0,6,3,813,773,3,1,1,0,5,30,10,-65,-94,2,1,-3,0,5,24,7,-7.40%,-10.80%,200.00%,,-75.00%,,,400.00%,233.30%
Washington,83504,4212583504,West Middletown borough,139,127,9,0,1,0,0,2,0,109,97,5,0,0,0,0,7,2,-30,-30,-4,0,-1,0,0,5,2,-21.60%,-23.60%,-44.40%,,-100.00%,,,250.00%,
Washington,83840,4212583840,West Pike Run township,1587,1496,59,6,1,0,3,22,9,1547,1406,64,0,0,2,4,71,14,-40,-90,5,-6,-1,2,1,49,5,-2.50%,-6.00%,8.50%,-100.00%,-100.00%,,33.30%,222.70%,55.60%
Westmoreland,332,4212900332,Adamsburg borough,172,168,2,0,2,0,0,0,1,142,133,2,0,3,0,0,4,3,-30,-35,0,0,1,0,0,4,2,-17.40%,-20.80%,0.00%,,50.00%,,,,200.00%
Westmoreland,892,4212900892,Allegheny township,8164,7976,77,11,6,3,8,83,30,8328,7853,66,11,19,0,35,344,77,164,-123,-11,0,13,-3,27,261,47,2.00%,-1.50%,-14.30%,0.00%,216.70%,-100.00%,337.50%,314.50%,156.70%
Westmoreland,3088,4212903088,Arnold city,5157,3816,1032,9,12,1,47,240,119,4772,3111,1110,14,24,5,66,442,94,-385,-705,78,5,12,4,19,202,-25,-7.50%,-18.50%,7.60%,55.60%,100.00%,400.00%,40.40%,84.20%,-21.00%
Westmoreland,3120,4212903120,Arona borough,370,370,0,0,0,0,0,0,0,255,244,1,1,0,0,0,9,2,-115,-126,1,1,0,0,0,9,2,-31.10%,-34.10%,,,,,,,
Westmoreland,3688,4212903688,Avonmore borough,1011,985,14,0,1,0,4,7,5,900,846,4,0,2,0,5,43,3,-111,-139,-10,0,1,0,1,36,-2,-11.00%,-14.10%,-71.40%,,100.00%,,25.00%,514.30%,-40.00%
Westmoreland,5208,4212905208,Bell township,2348,2293,25,7,2,0,4,17,14,2080,1974,16,0,1,0,8,81,11,-268,-319,-9,-7,-1,0,4,64,-3,-11.40%,-13.90%,-36.00%,-100.00%,-50.00%,,100.00%,376.50%,-21.40%
Westmoreland,7480,4212907480,Bolivar borough,465,460,0,2,2,1,0,0,4,435,412,1,0,0,0,1,21,4,-30,-48,1,-2,-2,-1,1,21,0,-6.50%,-10.40%,,-100.00%,-100.00%,-100.00%,,,0.00%
Westmoreland,15912,4212915912,Cook township,2250,2236,0,4,2,0,0,8,14,1896,1826,12,0,3,0,6,49,17,-354,-410,12,-4,1,0,6,41,3,-15.70%,-18.30%,,-100.00%,50.00%,,,512.50%,21.40%
Westmoreland,18768,4212918768,Delmont borough,2686,2572,24,5,41,0,10,34,45,2596,2390,36,5,41,1,23,100,54,-90,-182,12,0,0,1,13,66,9,-3.40%,-7.10%,50.00%,0.00%,0.00%,,130.00%,194.10%,20.00%
Westmoreland,18960,4212918960,Derry borough,2688,2639,17,2,8,0,3,19,21,2639,2474,27,5,2,0,13,118,38,-49,-165,10,3,-6,0,10,99,17,-1.80%,-6.30%,58.80%,150.00%,-75.00%,,333.30%,521.10%,81.00%
Westmoreland,18968,4212918968,Derry township,14502,14149,188,16,32,2,26,89,83,13631,12979,159,11,35,2,35,410,94,-871,-1170,-29,-5,3,0,9,321,11,-6.00%,-8.30%,-15.40%,-31.30%,9.40%,0.00%,34.60%,360.70%,13.30%
Westmoreland,19472,4212919472,Donegal borough,120,119,0,0,1,0,0,0,0,102,100,0,0,0,0,0,2,0,-18,-19,0,0,-1,0,0,2,0,-15.00%,-16.00%,,,-100.00%,,,,
Westmoreland,19480,4212919480,Donegal township,2403,2380,2,1,5,3,4,8,23,2192,2109,6,3,7,0,10,57,19,-211,-271,4,2,2,-3,6,49,-4,-8.80%,-11.40%,200.00%,200.00%,40.00%,-100.00%,150.00%,612.50%,-17.40%
Westmoreland,21304,4212921304,East Huntingdon township,7963,7756,59,8,41,2,19,78,66,7721,7308,59,6,41,0,36,271,79,-242,-448,0,-2,0,-2,17,193,13,-3.00%,-5.80%,0.00%,-25.00%,0.00%,-100.00%,89.50%,247.40%,19.70%
Westmoreland,21976,4212921976,East Vandergrift borough,674,642,13,1,4,0,2,12,7,602,557,27,0,2,0,5,11,9,-72,-85,14,-1,-2,0,3,-1,2,-10.70%,-13.20%,107.70%,-100.00%,-50.00%,,150.00%,-8.30%,28.60%
Westmoreland,24432,4212924432,Export borough,917,901,6,0,5,0,1,4,0,894,816,14,1,16,0,2,45,20,-23,-85,8,1,11,0,1,41,20,-2.50%,-9.40%,133.30%,,220.00%,,100.00%,1025.00%,
Westmoreland,24608,4212924608,Fairfield township,2424,2377,17,2,3,7,2,16,29,2046,1912,23,5,8,0,12,86,25,-378,-465,6,3,5,-7,10,70,-4,-15.60%,-19.60%,35.30%,150.00%,166.70%,-100.00%,500.00%,437.50%,-13.80%
Westmoreland,31200,4212931200,Greensburg city,14892,13599,721,28,119,3,47,375,217,14976,12988,774,30,155,0,89,940,312,84,-611,53,2,36,-3,42,565,95,0.60%,-4.50%,7.40%,7.10%,30.30%,-100.00%,89.40%,150.70%,43.80%
Westmoreland,33792,4212933792,Hempfield township,43241,41285,1047,47,372,10,156,324,395,41466,38500,721,39,407,4,157,1638,647,-1775,-2785,-326,-8,35,-6,1,1314,252,-4.10%,-6.70%,-31.10%,-17.00%,9.40%,-60.00%,0.60%,405.60%,63.80%
Westmoreland,36288,4212936288,Hunker borough,291,281,0,0,2,0,0,8,3,310,301,0,0,1,0,5,3,4,19,20,0,0,-1,0,5,-5,1,6.50%,7.10%,,,-50.00%,,,-62.50%,33.30%
Westmoreland,36592,4212936592,Hyde Park borough,500,495,1,0,0,0,0,4,3,509,473,1,0,4,0,2,29,6,9,-22,0,0,4,0,2,25,3,1.80%,-4.40%,0.00%,,,,,625.00%,100.00%
Westmoreland,37208,4212937208,Irwin borough,3973,3833,47,1,35,2,21,34,38,3902,3562,94,2,59,2,11,172,46,-71,-271,47,1,24,0,-10,138,8,-1.80%,-7.10%,100.00%,100.00%,68.60%,0.00%,-47.60%,405.90%,21.10%
Westmoreland,37784,4212937784,Jeannette city,9654,8548,665,15,16,4,36,370,84,8780,7274,698,5,26,1,67,709,147,-874,-1274,33,-10,10,-3,31,339,63,-9.10%,-14.90%,5.00%,-66.70%,62.50%,-75.00%,86.10%,91.60%,75.00%
Westmoreland,41680,4212941680,Latrobe borough,8338,8126,63,11,50,0,14,74,59,8060,7478,136,2,45,2,27,370,126,-278,-648,73,-9,-5,2,13,296,67,-3.30%,-8.00%,115.90%,-81.80%,-10.00%,,92.90%,400.00%,113.60%
Westmoreland,41834,4212941834,Laurel Mountain borough,167,166,0,0,1,0,0,0,1,146,146,0,0,0,0,0,0,2,-21,-20,0,0,-1,0,0,0,1,-12.60%,-12.00%,,,-100.00%,,,,100.00%
Westmoreland,43232,4212943232,Ligonier borough,1573,1555,0,0,3,0,7,8,14,1513,1441,0,3,6,3,13,47,28,-60,-114,0,3,3,3,6,39,14,-3.80%,-7.30%,,,100.00%,,85.70%,487.50%,100.00%
Westmoreland,43240,4212943240,Ligonier township,6603,6554,11,6,12,0,3,17,41,6056,5799,18,5,13,0,40,181,65,-547,-755,7,-1,1,0,37,164,24,-8.30%,-11.50%,63.60%,-16.70%,8.30%,,1233.30%,964.70%,58.50%
Westmoreland,44864,4212944864,Lower Burrell city,11761,11447,129,6,48,0,16,115,64,11758,11008,180,9,69,0,62,430,151,-3,-439,51,3,21,0,46,315,87,0.00%,-3.80%,39.50%,50.00%,43.80%,,287.50%,273.90%,135.90%
Westmoreland,45200,4212945200,Loyalhanna township,2382,2290,34,0,19,0,12,27,24,2088,1905,35,0,4,0,19,125,37,-294,-385,1,0,-15,0,7,98,13,-12.30%,-16.80%,2.90%,,-78.90%,,58.30%,363.00%,54.20%
Westmoreland,46488,4212946488,Madison borough,397,395,1,0,0,0,1,0,2,364,348,3,0,0,0,2,11,3,-33,-47,2,0,0,0,1,11,1,-8.30%,-11.90%,200.00%,,,,100.00%,,50.00%
Westmoreland,47000,4212947000,Manor borough,3239,3180,10,0,25,1,2,21,24,3585,3391,18,4,31,0,11,130,47,346,211,8,4,6,-1,9,109,23,10.70%,6.60%,80.00%,,24.00%,-100.00%,450.00%,519.00%,95.80%
Westmoreland,50344,4212950344,Monessen city,7720,6219,1152,5,23,1,44,276,138,6876,5113,1136,15,20,2,66,524,167,-844,-1106,-16,10,-3,1,22,248,29,-10.90%,-17.80%,-1.40%,200.00%,-13.00%,100.00%,50.00%,89.90%,21.00%
Westmoreland,51880,4212951880,Mount Pleasant borough,4454,4327,77,4,4,0,6,36,30,4245,3960,69,13,9,0,18,176,70,-209,-367,-8,9,5,0,12,140,40,-4.70%,-8.50%,-10.40%,225.00%,125.00%,,200.00%,388.90%,133.30%
Westmoreland,51888,4212951888,Mount Pleasant township,10911,10745,34,10,21,2,16,83,56,10119,9652,65,10,31,0,20,341,97,-792,-1093,31,0,10,-2,4,258,41,-7.30%,-10.20%,91.20%,0.00%,47.60%,-100.00%,25.00%,310.80%,73.20%
Westmoreland,52432,4212952432,Murrysville municipality,20079,18805,167,23,884,2,38,160,202,21006,18642,260,30,1162,5,104,803,374,927,-163,93,7,278,3,66,643,172,4.60%,-0.90%,55.70%,30.40%,31.40%,150.00%,173.70%,401.90%,85.10%
Westmoreland,53160,4212953160,New Alexandria borough,560,538,5,0,9,0,0,8,0,501,485,1,0,1,0,1,13,1,-59,-53,-4,0,-8,0,1,5,1,-10.50%,-9.90%,-80.00%,,-88.90%,,,62.50%,
Westmoreland,53544,4212953544,New Florence borough,689,676,3,1,0,0,6,3,10,671,632,3,1,1,0,0,34,3,-18,-44,0,0,1,0,-6,31,-7,-2.60%,-6.50%,0.00%,0.00%,,,-100.00%,1033.30%,-70.00%
Westmoreland,53736,4212953736,New Kensington city,13116,11030,1393,26,63,2,40,562,201,12170,9474,1590,22,60,0,141,883,340,-946,-1556,197,-4,-3,-2,101,321,139,-7.20%,-14.10%,14.10%,-15.40%,-4.80%,-100.00%,252.50%,57.10%,69.20%
Westmoreland,54104,4212954104,New Stanton borough,2173,2082,43,1,20,0,7,20,39,2339,2161,45,3,33,0,21,76,40,166,79,2,2,13,0,14,56,1,7.60%,3.80%,4.70%,200.00%,65.00%,,200.00%,280.00%,2.60%
Westmoreland,54776,4212954776,North Belle Vernon borough,1971,1866,52,1,15,0,4,33,28,1873,1659,61,4,14,0,47,88,75,-98,-207,9,3,-1,0,43,55,47,-5.00%,-11.10%,17.30%,300.00%,-6.70%,,1075.00%,166.70%,167.90%
Westmoreland,55128,4212955128,North Huntingdon township,30609,29933,205,18,189,0,42,222,183,31880,30035,252,30,327,2,91,1143,416,1271,102,47,12,138,2,49,921,233,4.20%,0.30%,22.90%,66.70%,73.00%,,116.70%,414.90%,127.30%
Westmoreland,55136,4212955136,North Irwin borough,846,836,3,0,2,1,0,4,10,823,764,7,0,5,0,1,46,23,-23,-72,4,0,3,-1,1,42,13,-2.70%,-8.60%,133.30%,,150.00%,-100.00%,,1050.00%,130.00%
Westmoreland,56496,4212956496,Oklahoma borough,809,795,6,0,2,0,1,5,5,788,737,11,0,1,0,1,38,9,-21,-58,5,0,-1,0,0,33,4,-2.60%,-7.30%,83.30%,,-50.00%,,0.00%,660.00%,80.00%
Westmoreland,58872,4212958872,Penn borough,475,455,11,0,0,0,1,8,5,435,409,9,1,0,0,2,14,7,-40,-46,-2,1,0,0,1,6,2,-8.40%,-10.10%,-18.20%,,,,100.00%,75.00%,40.00%
Westmoreland,58880,4212958880,Penn township,20005,19635,98,12,104,1,33,122,140,20079,18955,153,5,180,0,85,701,258,74,-680,55,-7,76,-1,52,579,118,0.40%,-3.50%,56.10%,-58.30%,73.10%,-100.00%,157.60%,474.60%,84.30%
Westmoreland,66376,4212966376,Rostraver township,11363,10914,188,7,99,1,28,126,121,11393,10536,215,14,96,0,63,469,180,30,-378,27,7,-3,-1,35,343,59,0.30%,-3.50%,14.40%,100.00%,-3.00%,-100.00%,125.00%,272.20%,48.80%
Westmoreland,67496,4212967496,Salem township,6623,6427,79,13,25,1,17,61,34,6093,5795,53,7,21,2,15,200,70,-530,-632,-26,-6,-4,1,-2,139,36,-8.00%,-9.80%,-32.90%,-46.20%,-16.00%,100.00%,-11.80%,227.90%,105.90%
Westmoreland,68432,4212968432,Scottdale borough,4384,4283,38,3,3,1,2,54,34,4430,4169,40,5,13,4,16,183,48,46,-114,2,2,10,3,14,129,14,1.00%,-2.70%,5.30%,66.70%,333.30%,300.00%,700.00%,238.90%,41.20%
Westmoreland,69368,4212969368,Seward borough,495,489,1,0,0,0,0,5,1,411,395,2,0,0,0,0,14,1,-84,-94,1,0,0,0,0,9,0,-17.00%,-19.20%,100.00%,,,,,180.00%,0.00%
Westmoreland,69392,4212969392,Sewickley township,5996,5904,22,0,18,0,6,46,33,5647,5333,42,12,15,0,14,231,61,-349,-571,20,12,-3,0,8,185,28,-5.80%,-9.70%,90.90%,,-16.70%,,133.30%,402.20%,84.80%
Westmoreland,71424,4212971424,Smithton borough,399,393,0,0,2,0,0,4,7,351,316,0,0,2,0,0,33,2,-48,-77,0,0,0,0,0,29,-5,-12.00%,-19.60%,,,0.00%,,,725.00%,-71.40%
Westmoreland,72192,4212972192,South Greensburg borough,2117,2059,18,4,11,0,6,19,19,2135,1988,38,5,22,0,5,77,42,18,-71,20,1,11,0,-1,58,23,0.90%,-3.40%,111.10%,25.00%,100.00%,,-16.70%,305.30%,121.10%
Westmoreland,72256,4212972256,South Huntingdon township,5796,5675,48,5,8,0,7,53,40,5418,5207,29,5,24,0,9,144,31,-378,-468,-19,0,16,0,2,91,-9,-6.50%,-8.20%,-39.60%,0.00%,200.00%,,28.60%,171.70%,-22.50%
Westmoreland,72616,4212972616,Southwest Greensburg borough,2155,2031,59,1,6,0,2,56,14,2219,1995,46,1,6,0,11,160,33,64,-36,-13,0,0,0,9,104,19,3.00%,-1.80%,-22.00%,0.00%,0.00%,,450.00%,185.70%,135.70%
Westmoreland,67240,4212967240,St. Clair township,1518,1492,5,3,8,0,1,9,15,1340,1281,3,0,2,0,2,52,6,-178,-211,-2,-3,-6,0,1,43,-9,-11.70%,-14.10%,-40.00%,-100.00%,-75.00%,,100.00%,477.80%,-60.00%
Westmoreland,75584,4212975584,Sutersville borough,605,600,0,0,0,0,0,5,0,561,532,2,0,0,0,3,24,4,-44,-68,2,0,0,0,3,19,4,-7.30%,-11.30%,,,,,,380.00%,
Westmoreland,77272,4212977272,Trafford borough,3113,2982,50,0,36,0,9,36,28,3227,2898,96,4,39,0,26,164,78,114,-84,46,4,3,0,17,128,50,3.70%,-2.80%,92.00%,,8.30%,,188.90%,355.60%,178.60%
Westmoreland,78656,4212978656,Unity township,22607,21985,161,14,222,7,36,182,199,21606,20243,247,36,150,1,116,813,366,-1001,-1742,86,22,-72,-6,80,631,167,-4.40%,-7.90%,53.40%,157.10%,-32.40%,-85.70%,222.20%,346.70%,83.90%
Westmoreland,78768,4212978768,Upper Burrell township,2326,2232,53,2,13,0,11,15,20,2164,2040,42,2,7,1,11,61,21,-162,-192,-11,0,-6,1,0,46,1,-7.00%,-8.60%,-20.80%,0.00%,-46.20%,,0.00%,306.70%,5.00%
Westmoreland,79776,4212979776,Vandergrift borough,5205,4770,250,6,18,1,8,152,45,5075,4364,265,13,19,0,26,388,69,-130,-406,15,7,1,-1,18,236,24,-2.50%,-8.50%,6.00%,116.70%,5.60%,-100.00%,225.00%,155.30%,53.30%
Westmoreland,81336,4212981336,Washington township,7422,7293,54,6,18,3,8,40,34,6883,6556,59,6,24,0,35,203,82,-539,-737,5,0,6,-3,27,163,48,-7.30%,-10.10%,9.30%,0.00%,33.30%,-100.00%,337.50%,407.50%,141.20%
Westmoreland,83328,4212983328,West Leechburg borough,1294,1277,11,0,1,0,1,4,13,1269,1197,11,3,0,1,5,52,20,-25,-80,0,3,-1,1,4,48,7,-1.90%,-6.30%,0.00%,,-100.00%,,400.00%,1200.00%,53.80%
Westmoreland,83680,4212983680,West Newton borough,2633,2538,46,1,6,0,6,36,24,2665,2488,51,6,2,0,7,111,22,32,-50,5,5,-4,0,1,75,-2,1.20%,-2.00%,10.90%,500.00%,-66.70%,,16.70%,208.30%,-8.30%
Westmoreland,87208,4212987208,Youngstown borough,326,324,0,0,0,0,0,2,2,252,244,0,0,2,0,0,6,5,-74,-80,0,0,2,0,0,4,3,-22.70%,-24.70%,,,,,,200.00%,150.00%
Westmoreland,87232,4212987232,Youngwood borough,3050,2979,25,3,5,0,2,36,19,2975,2771,44,5,16,0,16,123,39,-75,-208,19,2,11,0,14,87,20,-2.50%,-7.00%,76.00%,66.70%,220.00%,,700.00%,241.70%,105.30%
